Wavelength Abs_008
1.97742e+02 0.00000e+00
1.98544e+02 2.00000e-02
1.99347e+02 1.00000e-02
2.00149e+02 1.00000e-02
2.00951e+02 1.00000e-02
2.01753e+02 1.00000e-02
2.02554e+02 1.00000e-02
2.03356e+02 1.00000e-02
2.04158e+02 1.00000e-02
2.04960e+02 1.00000e-02
2.05761e+02 1.00000e-02
2.06563e+02 1.00000e-02
2.07364e+02 1.00000e-02
2.08166e+02 1.00000e-02
2.08967e+02 1.00000e-02
2.09768e+02 1.00000e-02
2.10569e+02 1.00000e-02
2.11370e+02 1.00000e-02
2.12172e+02 1.00000e-02
2.12973e+02 1.00000e-02
2.13773e+02 1.00000e-02
2.14574e+02 1.00000e-02
2.15375e+02 1.00000e-02
2.16176e+02 1.00000e-02
2.16977e+02 1.00000e-02
2.17777e+02 1.00000e-02
2.18578e+02 1.00000e-02
2.19378e+02 1.00000e-02
2.20179e+02 1.00000e-02
2.20979e+02 1.00000e-02
2.21779e+02 1.00000e-02
2.22579e+02 1.00000e-02
2.23380e+02 1.00000e-02
2.24180e+02 1.00000e-02
2.24980e+02 2.00000e-02
2.25780e+02 2.00000e-02
2.26579e+02 2.00000e-02
2.27379e+02 2.00000e-02
2.28179e+02 2.00000e-02
2.28979e+02 2.00000e-02
2.29778e+02 2.00000e-02
2.30578e+02 2.00000e-02
2.31377e+02 2.00000e-02
2.32177e+02 2.00000e-02
2.32976e+02 2.00000e-02
2.33775e+02 2.00000e-02
2.34575e+02 2.00000e-02
2.35374e+02 2.00000e-02
2.36173e+02 2.00000e-02
2.36972e+02 2.00000e-02
2.37771e+02 3.00000e-02
2.38570e+02 3.00000e-02
2.39368e+02 3.00000e-02
2.40167e+02 3.00000e-02
2.40966e+02 3.00000e-02
2.41764e+02 3.00000e-02
2.42563e+02 3.00000e-02
2.43361e+02 3.00000e-02
2.44160e+02 3.00000e-02
2.44958e+02 3.00000e-02
2.45756e+02 4.00000e-02
2.46555e+02 4.00000e-02
2.47353e+02 4.00000e-02
2.48151e+02 4.00000e-02
2.48949e+02 5.00000e-02
2.49747e+02 5.00000e-02
2.50545e+02 5.00000e-02
2.51342e+02 6.00000e-02
2.52140e+02 6.00000e-02
2.52938e+02 7.00000e-02
2.53735e+02 8.00000e-02
2.54533e+02 8.00000e-02
2.55330e+02 9.00000e-02
2.56128e+02 1.00000e-01
2.56925e+02 1.10000e-01
2.57722e+02 1.20000e-01
2.58520e+02 1.30000e-01
2.59317e+02 1.40000e-01
2.60114e+02 1.50000e-01
2.60911e+02 1.60000e-01
2.61708e+02 1.70000e-01
2.62505e+02 1.70000e-01
2.63301e+02 1.80000e-01
2.64098e+02 1.80000e-01
2.64895e+02 1.90000e-01
2.65691e+02 1.90000e-01
2.66488e+02 1.90000e-01
2.67284e+02 2.00000e-01
2.68081e+02 2.00000e-01
2.68877e+02 2.00000e-01
2.69673e+02 2.10000e-01
2.70469e+02 2.10000e-01
2.71265e+02 2.10000e-01
2.72062e+02 2.10000e-01
2.72857e+02 2.10000e-01
2.73653e+02 2.10000e-01
2.74449e+02 2.20000e-01
2.75245e+02 2.20000e-01
2.76041e+02 2.20000e-01
2.76836e+02 2.30000e-01
2.77632e+02 2.40000e-01
2.78427e+02 2.60000e-01
2.79223e+02 2.70000e-01
2.80018e+02 2.80000e-01
2.80813e+02 2.90000e-01
2.81609e+02 2.90000e-01
2.82404e+02 3.00000e-01
2.83199e+02 3.00000e-01
2.83994e+02 3.00000e-01
2.84789e+02 3.00000e-01
2.85584e+02 2.90000e-01
2.86379e+02 2.90000e-01
2.87173e+02 2.90000e-01
2.87968e+02 2.80000e-01
2.88763e+02 2.80000e-01
2.89557e+02 2.80000e-01
2.90352e+02 2.70000e-01
2.91146e+02 2.70000e-01
2.91940e+02 2.60000e-01
2.92735e+02 2.60000e-01
2.93529e+02 2.50000e-01
2.94323e+02 2.50000e-01
2.95117e+02 2.40000e-01
2.95911e+02 2.40000e-01
2.96705e+02 2.30000e-01
2.97499e+02 2.30000e-01
2.98293e+02 2.30000e-01
2.99086e+02 2.20000e-01
2.99880e+02 2.20000e-01
3.00673e+02 2.20000e-01
3.01467e+02 2.10000e-01
3.02260e+02 2.10000e-01
3.03054e+02 2.00000e-01
3.03847e+02 2.00000e-01
3.04640e+02 2.00000e-01
3.05433e+02 1.90000e-01
3.06227e+02 1.90000e-01
3.07020e+02 1.90000e-01
3.07813e+02 1.90000e-01
3.08605e+02 1.80000e-01
3.09398e+02 1.80000e-01
3.10191e+02 1.80000e-01
3.10984e+02 1.80000e-01
3.11776e+02 1.70000e-01
3.12569e+02 1.70000e-01
3.13361e+02 1.70000e-01
3.14154e+02 1.70000e-01
3.14946e+02 1.70000e-01
3.15738e+02 1.70000e-01
3.16530e+02 1.60000e-01
3.17323e+02 1.60000e-01
3.18115e+02 1.60000e-01
3.18907e+02 1.60000e-01
3.19698e+02 1.60000e-01
3.20490e+02 1.60000e-01
3.21282e+02 1.50000e-01
3.22074e+02 1.50000e-01
3.22865e+02 1.50000e-01
3.23657e+02 1.50000e-01
3.24448e+02 1.50000e-01
3.25240e+02 1.50000e-01
3.26031e+02 1.50000e-01
3.26823e+02 1.40000e-01
3.27614e+02 1.40000e-01
3.28405e+02 1.40000e-01
3.29196e+02 1.40000e-01
3.29987e+02 1.40000e-01
3.30778e+02 1.40000e-01
3.31569e+02 1.40000e-01
3.32360e+02 1.40000e-01
3.33150e+02 1.30000e-01
3.33941e+02 1.30000e-01
3.34731e+02 1.30000e-01
3.35522e+02 1.30000e-01
3.36312e+02 1.30000e-01
3.37103e+02 1.30000e-01
3.37893e+02 1.20000e-01
3.38683e+02 1.20000e-01
3.39473e+02 1.20000e-01
3.40264e+02 1.20000e-01
3.41054e+02 1.20000e-01
3.41844e+02 1.20000e-01
3.42633e+02 1.20000e-01
3.43423e+02 1.20000e-01
3.44213e+02 1.20000e-01
3.45003e+02 1.10000e-01
3.45792e+02 1.10000e-01
3.46582e+02 1.10000e-01
3.47371e+02 1.10000e-01
3.48161e+02 1.10000e-01
3.48950e+02 1.10000e-01
3.49739e+02 1.10000e-01
3.50528e+02 1.10000e-01
3.51317e+02 1.10000e-01
3.52106e+02 1.10000e-01
3.52895e+02 1.10000e-01
3.53684e+02 1.10000e-01
3.54473e+02 1.10000e-01
3.55262e+02 1.00000e-01
3.56051e+02 1.00000e-01
3.56839e+02 1.00000e-01
3.57628e+02 1.00000e-01
3.58416e+02 1.00000e-01
3.59205e+02 1.00000e-01
3.59993e+02 1.00000e-01
3.60781e+02 1.00000e-01
3.61569e+02 1.00000e-01
3.62357e+02 1.00000e-01
3.63145e+02 1.00000e-01
3.63933e+02 1.00000e-01
3.64721e+02 1.00000e-01
3.65509e+02 1.00000e-01
3.66297e+02 1.00000e-01
3.67085e+02 9.00000e-02
3.67872e+02 9.00000e-02
3.68660e+02 9.00000e-02
3.69447e+02 9.00000e-02
3.70235e+02 9.00000e-02
3.71022e+02 9.00000e-02
3.71809e+02 8.00000e-02
3.72596e+02 8.00000e-02
3.73383e+02 8.00000e-02
3.74170e+02 8.00000e-02
3.74957e+02 8.00000e-02
3.75744e+02 8.00000e-02
3.76531e+02 8.00000e-02
3.77318e+02 8.00000e-02
3.78105e+02 8.00000e-02
3.78891e+02 8.00000e-02
3.79678e+02 7.00000e-02
3.80464e+02 7.00000e-02
3.81251e+02 7.00000e-02
3.82037e+02 7.00000e-02
3.82823e+02 7.00000e-02
3.83609e+02 7.00000e-02
3.84395e+02 7.00000e-02
3.85181e+02 7.00000e-02
3.85967e+02 7.00000e-02
3.86753e+02 7.00000e-02
3.87539e+02 7.00000e-02
3.88325e+02 7.00000e-02
3.89110e+02 7.00000e-02
3.89896e+02 7.00000e-02
3.90682e+02 6.00000e-02
3.91467e+02 6.00000e-02
3.92252e+02 6.00000e-02
3.93038e+02 6.00000e-02
3.93823e+02 6.00000e-02
3.94608e+02 6.00000e-02
3.95393e+02 6.00000e-02
3.96178e+02 6.00000e-02
3.96963e+02 6.00000e-02
3.97748e+02 6.00000e-02
3.98533e+02 6.00000e-02
3.99318e+02 6.00000e-02
4.00102e+02 6.00000e-02
4.00887e+02 6.00000e-02
4.01671e+02 6.00000e-02
4.02456e+02 6.00000e-02
4.03240e+02 6.00000e-02
4.04025e+02 6.00000e-02
4.04809e+02 5.00000e-02
4.05593e+02 5.00000e-02
4.06377e+02 5.00000e-02
4.07161e+02 5.00000e-02
4.07945e+02 5.00000e-02
4.08729e+02 5.00000e-02
4.09513e+02 5.00000e-02
4.10296e+02 5.00000e-02
4.11080e+02 5.00000e-02
4.11863e+02 5.00000e-02
4.12647e+02 5.00000e-02
4.13430e+02 5.00000e-02
4.14214e+02 5.00000e-02
4.14997e+02 5.00000e-02
4.15780e+02 5.00000e-02
4.16563e+02 5.00000e-02
4.17346e+02 5.00000e-02
4.18129e+02 5.00000e-02
4.18912e+02 5.00000e-02
4.19695e+02 5.00000e-02
4.20478e+02 5.00000e-02
4.21261e+02 5.00000e-02
4.22043e+02 5.00000e-02
4.22826e+02 5.00000e-02
4.23608e+02 5.00000e-02
4.24391e+02 5.00000e-02
4.25173e+02 4.00000e-02
4.25955e+02 4.00000e-02
4.26737e+02 4.00000e-02
4.27520e+02 4.00000e-02
4.28302e+02 4.00000e-02
4.29084e+02 4.00000e-02
4.29865e+02 4.00000e-02
4.30647e+02 4.00000e-02
4.31429e+02 4.00000e-02
4.32211e+02 4.00000e-02
4.32992e+02 4.00000e-02
4.33774e+02 4.00000e-02
4.34555e+02 4.00000e-02
4.35337e+02 4.00000e-02
4.36118e+02 4.00000e-02
4.36899e+02 4.00000e-02
4.37680e+02 4.00000e-02
4.38461e+02 4.00000e-02
4.39242e+02 4.00000e-02
4.40023e+02 4.00000e-02
4.40804e+02 4.00000e-02
4.41585e+02 4.00000e-02
4.42366e+02 4.00000e-02
4.43146e+02 4.00000e-02
4.43927e+02 4.00000e-02
4.44707e+02 4.00000e-02
4.45488e+02 4.00000e-02
4.46268e+02 4.00000e-02
4.47048e+02 4.00000e-02
4.47828e+02 4.00000e-02
4.48609e+02 4.00000e-02
4.49389e+02 4.00000e-02
4.50169e+02 4.00000e-02
4.50948e+02 4.00000e-02
4.51728e+02 4.00000e-02
4.52508e+02 4.00000e-02
4.53288e+02 4.00000e-02
4.54067e+02 4.00000e-02
4.54847e+02 4.00000e-02
4.55626e+02 4.00000e-02
4.56406e+02 3.00000e-02
4.57185e+02 3.00000e-02
4.57964e+02 3.00000e-02
4.58743e+02 3.00000e-02
4.59522e+02 3.00000e-02
4.60301e+02 3.00000e-02
4.61080e+02 3.00000e-02
4.61859e+02 3.00000e-02
4.62638e+02 3.00000e-02
4.63417e+02 3.00000e-02
4.64195e+02 3.00000e-02
4.64974e+02 3.00000e-02
4.65752e+02 3.00000e-02
4.66531e+02 3.00000e-02
4.67309e+02 3.00000e-02
4.68087e+02 3.00000e-02
4.68865e+02 3.00000e-02
4.69644e+02 3.00000e-02
4.70422e+02 3.00000e-02
4.71200e+02 3.00000e-02
4.71977e+02 3.00000e-02
4.72755e+02 3.00000e-02
4.73533e+02 3.00000e-02
4.74311e+02 3.00000e-02
4.75088e+02 3.00000e-02
4.75866e+02 3.00000e-02
4.76643e+02 3.00000e-02
4.77420e+02 3.00000e-02
4.78198e+02 3.00000e-02
4.78975e+02 3.00000e-02
4.79752e+02 3.00000e-02
4.80529e+02 3.00000e-02
4.81306e+02 3.00000e-02
4.82083e+02 3.00000e-02
4.82860e+02 3.00000e-02
4.83637e+02 3.00000e-02
4.84413e+02 3.00000e-02
4.85190e+02 3.00000e-02
4.85966e+02 3.00000e-02
4.86743e+02 3.00000e-02
4.87519e+02 3.00000e-02
4.88295e+02 3.00000e-02
4.89072e+02 3.00000e-02
4.89848e+02 3.00000e-02
4.90624e+02 3.00000e-02
4.91400e+02 3.00000e-02
4.92176e+02 3.00000e-02
4.92952e+02 3.00000e-02
4.93727e+02 3.00000e-02
4.94503e+02 3.00000e-02
4.95279e+02 3.00000e-02
4.96054e+02 3.00000e-02
4.96830e+02 3.00000e-02
4.97605e+02 3.00000e-02
4.98380e+02 3.00000e-02
4.99156e+02 3.00000e-02
4.99931e+02 3.00000e-02
5.00706e+02 3.00000e-02
5.01481e+02 3.00000e-02
5.02256e+02 3.00000e-02
5.03031e+02 3.00000e-02
5.03805e+02 3.00000e-02
5.04580e+02 3.00000e-02
5.05355e+02 3.00000e-02
5.06129e+02 3.00000e-02
5.06904e+02 3.00000e-02
5.07678e+02 3.00000e-02
5.08452e+02 3.00000e-02
5.09227e+02 3.00000e-02
5.10001e+02 3.00000e-02
5.10775e+02 3.00000e-02
5.11549e+02 2.00000e-02
5.12323e+02 2.00000e-02
5.13097e+02 2.00000e-02
5.13871e+02 2.00000e-02
5.14644e+02 2.00000e-02
5.15418e+02 2.00000e-02
5.16192e+02 2.00000e-02
5.16965e+02 2.00000e-02
5.17738e+02 2.00000e-02
5.18512e+02 1.00000e-02
5.19285e+02 1.00000e-02
5.20058e+02 1.00000e-02
5.20831e+02 1.00000e-02
5.21604e+02 1.00000e-02
5.22377e+02 1.00000e-02
5.23150e+02 1.00000e-02
5.23923e+02 1.00000e-02
5.24696e+02 1.00000e-02
5.25468e+02 1.00000e-02
5.26241e+02 1.00000e-02
5.27013e+02 1.00000e-02
5.27786e+02 1.00000e-02
5.28558e+02 0.00000e+00
5.29330e+02 0.00000e+00
5.30102e+02 0.00000e+00
5.30875e+02 0.00000e+00
5.31647e+02 0.00000e+00
5.32418e+02 0.00000e+00
5.33190e+02 0.00000e+00
5.33962e+02 0.00000e+00
5.34734e+02 0.00000e+00
5.35505e+02 0.00000e+00
5.36277e+02 0.00000e+00
5.37049e+02 0.00000e+00
5.37820e+02 0.00000e+00
5.38591e+02 0.00000e+00
5.39363e+02 0.00000e+00
5.40134e+02 0.00000e+00
5.40905e+02 0.00000e+00
5.41676e+02 0.00000e+00
5.42447e+02 0.00000e+00
5.43218e+02 0.00000e+00
5.43988e+02 0.00000e+00
5.44759e+02 0.00000e+00
5.45530e+02 0.00000e+00
5.46300e+02 0.00000e+00
5.47071e+02 0.00000e+00
5.47841e+02 0.00000e+00
5.48611e+02 0.00000e+00
5.49382e+02 0.00000e+00
5.50152e+02 0.00000e+00
5.50922e+02 0.00000e+00
5.51692e+02 0.00000e+00
5.52462e+02 0.00000e+00
5.53232e+02 0.00000e+00
5.54001e+02 0.00000e+00
5.54771e+02 0.00000e+00
5.55541e+02 0.00000e+00
5.56310e+02 0.00000e+00
5.57080e+02 0.00000e+00
5.57849e+02 0.00000e+00
5.58618e+02 0.00000e+00
5.59388e+02 0.00000e+00
5.60157e+02 0.00000e+00
5.60926e+02 0.00000e+00
5.61695e+02 0.00000e+00
5.62464e+02 0.00000e+00
5.63233e+02 0.00000e+00
5.64001e+02 0.00000e+00
5.64770e+02 0.00000e+00
5.65539e+02 0.00000e+00
5.66307e+02 0.00000e+00
5.67076e+02 0.00000e+00
5.67844e+02 0.00000e+00
5.68612e+02 0.00000e+00
5.69381e+02 0.00000e+00
5.70149e+02 0.00000e+00
5.70917e+02 0.00000e+00
5.71685e+02 0.00000e+00
5.72453e+02 0.00000e+00
5.73220e+02 0.00000e+00
5.73988e+02 0.00000e+00
5.74756e+02 0.00000e+00
5.75523e+02 0.00000e+00
5.76291e+02 0.00000e+00
5.77058e+02 0.00000e+00
5.77826e+02 0.00000e+00
5.78593e+02 0.00000e+00
5.79360e+02 0.00000e+00
5.80127e+02 0.00000e+00
5.80894e+02 0.00000e+00
5.81661e+02 0.00000e+00
5.82428e+02 0.00000e+00
5.83195e+02 0.00000e+00
5.83962e+02 0.00000e+00
5.84728e+02 0.00000e+00
5.85495e+02 0.00000e+00
5.86261e+02 0.00000e+00
5.87028e+02 0.00000e+00
5.87794e+02 0.00000e+00
5.88560e+02 0.00000e+00
5.89326e+02 0.00000e+00
5.90092e+02 0.00000e+00
5.90858e+02 0.00000e+00
5.91624e+02 0.00000e+00
5.92390e+02 0.00000e+00
5.93156e+02 0.00000e+00
5.93922e+02 0.00000e+00
5.94687e+02 0.00000e+00
5.95453e+02 0.00000e+00
5.96218e+02 0.00000e+00
5.96984e+02 0.00000e+00
5.97749e+02 0.00000e+00
5.98514e+02 0.00000e+00
5.99279e+02 0.00000e+00
6.00044e+02 0.00000e+00
6.00809e+02 0.00000e+00
6.01574e+02 0.00000e+00
6.02339e+02 0.00000e+00
6.03104e+02 0.00000e+00
6.03868e+02 0.00000e+00
6.04633e+02 0.00000e+00
6.05397e+02 0.00000e+00
6.06162e+02 0.00000e+00
6.06926e+02 0.00000e+00
6.07690e+02 0.00000e+00
6.08455e+02 0.00000e+00
6.09219e+02 0.00000e+00
6.09983e+02 0.00000e+00
6.10747e+02 0.00000e+00
6.11511e+02 0.00000e+00
6.12274e+02 0.00000e+00
6.13038e+02 0.00000e+00
6.13802e+02 0.00000e+00
6.14565e+02 0.00000e+00
6.15329e+02 0.00000e+00
6.16092e+02 0.00000e+00
6.16855e+02 0.00000e+00
6.17618e+02 0.00000e+00
6.18382e+02 0.00000e+00
6.19145e+02 0.00000e+00
6.19908e+02 0.00000e+00
6.20671e+02 0.00000e+00
6.21433e+02 0.00000e+00
6.22196e+02 0.00000e+00
6.22959e+02 0.00000e+00
6.23721e+02 0.00000e+00
6.24484e+02 0.00000e+00
6.25246e+02 0.00000e+00
6.26009e+02 0.00000e+00
6.26771e+02 0.00000e+00
6.27533e+02 0.00000e+00
6.28295e+02 0.00000e+00
6.29057e+02 0.00000e+00
6.29819e+02 0.00000e+00
6.30581e+02 0.00000e+00
6.31343e+02 0.00000e+00
6.32104e+02 0.00000e+00
6.32866e+02 0.00000e+00
6.33627e+02 0.00000e+00
6.34389e+02 0.00000e+00
6.35150e+02 0.00000e+00
6.35911e+02 0.00000e+00
6.36673e+02 0.00000e+00
6.37434e+02 0.00000e+00
6.38195e+02 0.00000e+00
6.38956e+02 0.00000e+00
6.39717e+02 0.00000e+00
6.40477e+02 0.00000e+00
6.41238e+02 0.00000e+00
6.41999e+02 0.00000e+00
6.42759e+02 0.00000e+00
6.43520e+02 0.00000e+00
6.44280e+02 0.00000e+00
6.45041e+02 0.00000e+00
6.45801e+02 0.00000e+00
6.46561e+02 0.00000e+00
6.47321e+02 0.00000e+00
6.48081e+02 0.00000e+00
6.48841e+02 0.00000e+00
6.49601e+02 0.00000e+00
6.50360e+02 0.00000e+00
6.51120e+02 0.00000e+00
6.51880e+02 0.00000e+00
6.52639e+02 0.00000e+00
6.53399e+02 0.00000e+00
6.54158e+02 0.00000e+00
6.54917e+02 0.00000e+00
6.55676e+02 0.00000e+00
6.56435e+02 0.00000e+00
6.57194e+02 0.00000e+00
6.57953e+02 0.00000e+00
6.58712e+02 0.00000e+00
6.59471e+02 0.00000e+00
6.60230e+02 0.00000e+00
6.60988e+02 0.00000e+00
6.61747e+02 0.00000e+00
6.62505e+02 0.00000e+00
6.63264e+02 0.00000e+00
6.64022e+02 0.00000e+00
6.64780e+02 0.00000e+00
6.65538e+02 0.00000e+00
6.66296e+02 0.00000e+00
6.67054e+02 0.00000e+00
6.67812e+02 0.00000e+00
6.68570e+02 0.00000e+00
6.69327e+02 0.00000e+00
6.70085e+02 0.00000e+00
6.70843e+02 0.00000e+00
6.71600e+02 0.00000e+00
6.72357e+02 0.00000e+00
6.73115e+02 0.00000e+00
6.73872e+02 0.00000e+00
6.74629e+02 0.00000e+00
6.75386e+02 0.00000e+00
6.76143e+02 0.00000e+00
6.76900e+02 0.00000e+00
6.77657e+02 0.00000e+00
6.78413e+02 0.00000e+00
6.79170e+02 0.00000e+00
6.79927e+02 0.00000e+00
6.80683e+02 0.00000e+00
6.81439e+02 0.00000e+00
6.82196e+02 0.00000e+00
6.82952e+02 0.00000e+00
6.83708e+02 0.00000e+00
6.84464e+02 0.00000e+00
6.85220e+02 0.00000e+00
6.85976e+02 0.00000e+00
6.86732e+02 0.00000e+00
6.87488e+02 0.00000e+00
6.88243e+02 0.00000e+00
6.88999e+02 0.00000e+00
6.89754e+02 0.00000e+00
6.90510e+02 0.00000e+00
6.91265e+02 0.00000e+00
6.92020e+02 0.00000e+00
6.92775e+02 0.00000e+00
6.93530e+02 0.00000e+00
6.94285e+02 0.00000e+00
6.95040e+02 0.00000e+00
6.95795e+02 0.00000e+00
6.96550e+02 0.00000e+00
6.97304e+02 0.00000e+00
6.98059e+02 0.00000e+00
6.98813e+02 0.00000e+00
6.99568e+02 0.00000e+00
7.00322e+02 0.00000e+00
7.01076e+02 0.00000e+00
7.01831e+02 0.00000e+00
7.02585e+02 0.00000e+00
7.03339e+02 0.00000e+00
7.04092e+02 0.00000e+00
7.04846e+02 0.00000e+00
7.05600e+02 0.00000e+00
7.06354e+02 0.00000e+00
7.07107e+02 0.00000e+00
7.07861e+02 0.00000e+00
7.08614e+02 0.00000e+00
7.09367e+02 0.00000e+00
7.10121e+02 0.00000e+00
7.10874e+02 0.00000e+00
7.11627e+02 0.00000e+00
7.12380e+02 0.00000e+00
7.13133e+02 0.00000e+00
7.13886e+02 0.00000e+00
7.14638e+02 0.00000e+00
7.15391e+02 0.00000e+00
7.16143e+02 0.00000e+00
7.16896e+02 0.00000e+00
7.17648e+02 0.00000e+00
7.18401e+02 0.00000e+00
7.19153e+02 0.00000e+00
7.19905e+02 0.00000e+00
7.20657e+02 0.00000e+00
7.21409e+02 0.00000e+00
7.22161e+02 0.00000e+00
7.22913e+02 0.00000e+00
7.23664e+02 0.00000e+00
7.24416e+02 -0.00000e+00
7.25168e+02 -0.00000e+00
7.25919e+02 -0.00000e+00
7.26670e+02 -0.00000e+00
7.27422e+02 -0.00000e+00
7.28173e+02 -0.00000e+00
7.28924e+02 0.00000e+00
7.29675e+02 0.00000e+00
7.30426e+02 0.00000e+00
7.31177e+02 0.00000e+00
7.31928e+02 0.00000e+00
7.32679e+02 0.00000e+00
7.33429e+02 0.00000e+00
7.34180e+02 0.00000e+00
7.34930e+02 0.00000e+00
7.35681e+02 0.00000e+00
7.36431e+02 0.00000e+00
7.37181e+02 0.00000e+00
7.37931e+02 0.00000e+00
7.38681e+02 0.00000e+00
7.39431e+02 0.00000e+00
7.40181e+02 0.00000e+00
7.40931e+02 0.00000e+00
7.41680e+02 0.00000e+00
7.42430e+02 0.00000e+00
7.43180e+02 0.00000e+00
7.43929e+02 0.00000e+00
7.44678e+02 0.00000e+00
7.45428e+02 0.00000e+00
7.46177e+02 0.00000e+00
7.46926e+02 0.00000e+00
7.47675e+02 0.00000e+00
7.48424e+02 0.00000e+00
7.49173e+02 0.00000e+00
7.49922e+02 0.00000e+00
7.50670e+02 0.00000e+00
7.51419e+02 0.00000e+00
7.52167e+02 0.00000e+00
7.52916e+02 0.00000e+00
7.53664e+02 0.00000e+00
7.54412e+02 0.00000e+00
7.55161e+02 0.00000e+00
7.55909e+02 0.00000e+00
7.56657e+02 0.00000e+00
7.57405e+02 0.00000e+00
7.58152e+02 0.00000e+00
7.58900e+02 0.00000e+00
7.59648e+02 0.00000e+00
7.60395e+02 0.00000e+00
7.61143e+02 0.00000e+00
7.61890e+02 0.00000e+00
7.62638e+02 0.00000e+00
7.63385e+02 0.00000e+00
7.64132e+02 0.00000e+00
7.64879e+02 0.00000e+00
7.65626e+02 0.00000e+00
7.66373e+02 1.00000e-02
7.67120e+02 1.00000e-02
7.67866e+02 1.00000e-02
7.68613e+02 1.00000e-02
7.69359e+02 1.00000e-02
7.70106e+02 1.00000e-02
7.70852e+02 1.00000e-02
7.71599e+02 0.00000e+00
7.72345e+02 0.00000e+00
7.73091e+02 0.00000e+00
7.73837e+02 0.00000e+00
7.74583e+02 0.00000e+00
7.75329e+02 0.00000e+00
7.76075e+02 0.00000e+00
7.76820e+02 0.00000e+00
7.77566e+02 0.00000e+00
7.78311e+02 0.00000e+00
7.79057e+02 0.00000e+00
7.79802e+02 0.00000e+00
7.80547e+02 0.00000e+00
7.81293e+02 0.00000e+00
7.82038e+02 1.00000e-02
7.82783e+02 1.00000e-02
7.83528e+02 1.00000e-02
7.84272e+02 1.00000e-02
7.85017e+02 0.00000e+00
7.85762e+02 0.00000e+00
7.86506e+02 0.00000e+00
7.87251e+02 0.00000e+00
7.87995e+02 0.00000e+00
7.88740e+02 0.00000e+00
7.89484e+02 0.00000e+00
7.90228e+02 0.00000e+00
7.90972e+02 0.00000e+00
7.91716e+02 0.00000e+00
7.92460e+02 0.00000e+00
7.93204e+02 0.00000e+00
7.93947e+02 0.00000e+00
7.94691e+02 0.00000e+00
7.95434e+02 0.00000e+00
7.96178e+02 0.00000e+00
7.96921e+02 0.00000e+00
7.97664e+02 0.00000e+00
7.98408e+02 0.00000e+00
7.99151e+02 0.00000e+00
7.99894e+02 0.00000e+00
8.00637e+02 -0.00000e+00
8.01380e+02 -0.00000e+00
8.02122e+02 -0.00000e+00
8.02865e+02 -0.00000e+00
8.03608e+02 -0.00000e+00
8.04350e+02 -0.00000e+00
8.05092e+02 -0.00000e+00
8.05835e+02 -0.00000e+00
8.06577e+02 0.00000e+00
8.07319e+02 0.00000e+00
8.08061e+02 0.00000e+00
8.08803e+02 0.00000e+00
8.09545e+02 0.00000e+00
8.10287e+02 0.00000e+00
8.11028e+02 0.00000e+00
8.11770e+02 -0.00000e+00
8.12512e+02 -0.00000e+00
8.13253e+02 -0.00000e+00
8.13994e+02 0.00000e+00
8.14736e+02 0.00000e+00
8.15477e+02 -0.00000e+00
8.16218e+02 -0.00000e+00
8.16959e+02 -0.00000e+00
8.17700e+02 -0.00000e+00
8.18441e+02 -0.00000e+00
8.19181e+02 -0.00000e+00
8.19922e+02 -0.00000e+00
8.20663e+02 -0.00000e+00
8.21403e+02 -0.00000e+00
8.22144e+02 -0.00000e+00
8.22884e+02 -0.00000e+00
8.23624e+02 -0.00000e+00
8.24364e+02 0.00000e+00
8.25104e+02 0.00000e+00
8.25844e+02 0.00000e+00
8.26584e+02 0.00000e+00
8.27324e+02 0.00000e+00
8.28064e+02 0.00000e+00
8.28803e+02 0.00000e+00
8.29543e+02 0.00000e+00
8.30282e+02 0.00000e+00
8.31021e+02 1.00000e-02
8.31761e+02 1.00000e-02
8.32500e+02 1.00000e-02
8.33239e+02 1.00000e-02
8.33978e+02 1.00000e-02
8.34717e+02 1.00000e-02
8.35456e+02 1.00000e-02
8.36194e+02 1.00000e-02
8.36933e+02 1.00000e-02
8.37672e+02 1.00000e-02
8.38410e+02 1.00000e-02
8.39148e+02 0.00000e+00
8.39887e+02 0.00000e+00
8.40625e+02 0.00000e+00
8.41363e+02 0.00000e+00
8.42101e+02 0.00000e+00
8.42839e+02 0.00000e+00
8.43577e+02 0.00000e+00
8.44315e+02 0.00000e+00
8.45052e+02 0.00000e+00
8.45790e+02 0.00000e+00
8.46527e+02 0.00000e+00
8.47265e+02 0.00000e+00
8.48002e+02 0.00000e+00
8.48739e+02 0.00000e+00
8.49476e+02 0.00000e+00
8.50213e+02 0.00000e+00
8.50950e+02 0.00000e+00
8.51687e+02 0.00000e+00
8.52424e+02 0.00000e+00
8.53161e+02 0.00000e+00
8.53897e+02 0.00000e+00
8.54634e+02 0.00000e+00
8.55370e+02 0.00000e+00
8.56106e+02 0.00000e+00
8.56843e+02 0.00000e+00
8.57579e+02 0.00000e+00
8.58315e+02 0.00000e+00
8.59051e+02 0.00000e+00
8.59787e+02 0.00000e+00
8.60523e+02 0.00000e+00
8.61258e+02 -0.00000e+00
8.61994e+02 -0.00000e+00
8.62729e+02 -0.00000e+00
8.63465e+02 0.00000e+00
8.64200e+02 0.00000e+00
8.64936e+02 0.00000e+00
8.65671e+02 0.00000e+00
8.66406e+02 0.00000e+00
8.67141e+02 0.00000e+00
8.67876e+02 0.00000e+00
8.68611e+02 0.00000e+00
8.69345e+02 0.00000e+00
8.70080e+02 0.00000e+00
8.70814e+02 0.00000e+00
8.71549e+02 0.00000e+00
8.72283e+02 0.00000e+00
8.73018e+02 0.00000e+00
8.73752e+02 0.00000e+00
8.74486e+02 0.00000e+00
8.75220e+02 0.00000e+00
8.75954e+02 0.00000e+00
8.76688e+02 0.00000e+00
8.77421e+02 0.00000e+00
8.78155e+02 0.00000e+00
8.78889e+02 0.00000e+00
8.79622e+02 0.00000e+00
8.80355e+02 -0.00000e+00
8.81089e+02 -0.00000e+00
8.81822e+02 -0.00000e+00
8.82555e+02 -0.00000e+00
8.83288e+02 -0.00000e+00
8.84021e+02 0.00000e+00
8.84754e+02 0.00000e+00
8.85487e+02 0.00000e+00
8.86219e+02 0.00000e+00
8.86952e+02 0.00000e+00
8.87684e+02 0.00000e+00
8.88417e+02 0.00000e+00
8.89149e+02 0.00000e+00
8.89881e+02 0.00000e+00
8.90613e+02 0.00000e+00
8.91345e+02 0.00000e+00
8.92077e+02 1.00000e-02
8.92809e+02 0.00000e+00
8.93541e+02 0.00000e+00
8.94273e+02 0.00000e+00
8.95004e+02 0.00000e+00
8.95736e+02 0.00000e+00
8.96467e+02 0.00000e+00
8.97199e+02 0.00000e+00
8.97930e+02 0.00000e+00
8.98661e+02 0.00000e+00
8.99392e+02 0.00000e+00
9.00123e+02 0.00000e+00
9.00854e+02 0.00000e+00
9.01584e+02 0.00000e+00
9.02315e+02 0.00000e+00
9.03046e+02 0.00000e+00
9.03776e+02 -0.00000e+00
9.04507e+02 -0.00000e+00
9.05237e+02 -0.00000e+00
9.05967e+02 -0.00000e+00
9.06697e+02 -0.00000e+00
9.07427e+02 -0.00000e+00
9.08157e+02 -0.00000e+00
9.08887e+02 0.00000e+00
9.09617e+02 0.00000e+00
9.10347e+02 0.00000e+00
9.11076e+02 0.00000e+00
9.11806e+02 0.00000e+00
9.12535e+02 0.00000e+00
9.13264e+02 0.00000e+00
9.13994e+02 0.00000e+00
9.14723e+02 0.00000e+00
9.15452e+02 0.00000e+00
9.16181e+02 -0.00000e+00
9.16910e+02 -0.00000e+00
9.17638e+02 -0.00000e+00
9.18367e+02 -0.00000e+00
9.19096e+02 -0.00000e+00
9.19824e+02 -0.00000e+00
9.20553e+02 -0.00000e+00
9.21281e+02 -0.00000e+00
9.22009e+02 -0.00000e+00
9.22737e+02 -0.00000e+00
9.23465e+02 0.00000e+00
9.24193e+02 0.00000e+00
9.24921e+02 0.00000e+00
9.25649e+02 0.00000e+00
9.26377e+02 0.00000e+00
9.27104e+02 1.00000e-02
9.27832e+02 1.00000e-02
9.28559e+02 1.00000e-02
9.29286e+02 1.00000e-02
9.30014e+02 0.00000e+00
9.30741e+02 0.00000e+00
9.31468e+02 0.00000e+00
9.32195e+02 0.00000e+00
9.32922e+02 0.00000e+00
9.33648e+02 0.00000e+00
9.34375e+02 0.00000e+00
9.35102e+02 0.00000e+00
9.35828e+02 0.00000e+00
9.36554e+02 0.00000e+00
9.37281e+02 -0.00000e+00
9.38007e+02 -0.00000e+00
9.38733e+02 -0.00000e+00
9.39459e+02 -0.00000e+00
9.40185e+02 -0.00000e+00
9.40911e+02 -0.00000e+00
9.41637e+02 -0.00000e+00
9.42362e+02 -0.00000e+00
9.43088e+02 -0.00000e+00
9.43813e+02 0.00000e+00
9.44539e+02 0.00000e+00
9.45264e+02 0.00000e+00
9.45989e+02 0.00000e+00
9.46714e+02 0.00000e+00
9.47439e+02 0.00000e+00
9.48164e+02 0.00000e+00
9.48889e+02 0.00000e+00
9.49614e+02 0.00000e+00
9.50338e+02 0.00000e+00
9.51063e+02 0.00000e+00
9.51787e+02 -0.00000e+00
9.52512e+02 -0.00000e+00
9.53236e+02 0.00000e+00
9.53960e+02 0.00000e+00
9.54684e+02 0.00000e+00
9.55408e+02 0.00000e+00
9.56132e+02 0.00000e+00
9.56856e+02 0.00000e+00
9.57580e+02 0.00000e+00
9.58303e+02 0.00000e+00
9.59027e+02 0.00000e+00
9.59750e+02 0.00000e+00
9.60474e+02 0.00000e+00
9.61197e+02 0.00000e+00
9.61920e+02 0.00000e+00
9.62643e+02 0.00000e+00
9.63366e+02 0.00000e+00
9.64089e+02 0.00000e+00
9.64812e+02 0.00000e+00
9.65534e+02 0.00000e+00
9.66257e+02 0.00000e+00
9.66979e+02 0.00000e+00
9.67702e+02 0.00000e+00
9.68424e+02 0.00000e+00
9.69146e+02 -0.00000e+00
9.69869e+02 -0.00000e+00
9.70591e+02 -0.00000e+00
9.71313e+02 -0.00000e+00
9.72034e+02 -0.00000e+00
9.72756e+02 -0.00000e+00
9.73478e+02 -0.00000e+00
9.74199e+02 -0.00000e+00
9.74921e+02 -0.00000e+00
9.75642e+02 0.00000e+00
9.76364e+02 0.00000e+00
9.77085e+02 0.00000e+00
9.77806e+02 -0.00000e+00
9.78527e+02 -0.00000e+00
9.79248e+02 -0.00000e+00
9.79969e+02 -0.00000e+00
9.80689e+02 -0.00000e+00
9.81410e+02 -0.00000e+00
9.82131e+02 -0.00000e+00
9.82851e+02 -0.00000e+00
9.83571e+02 0.00000e+00
9.84292e+02 0.00000e+00
9.85012e+02 0.00000e+00
9.85732e+02 0.00000e+00
9.86452e+02 0.00000e+00
9.87172e+02 0.00000e+00
9.87892e+02 0.00000e+00
9.88611e+02 0.00000e+00
9.89331e+02 0.00000e+00
9.90050e+02 0.00000e+00
9.90770e+02 0.00000e+00
9.91489e+02 0.00000e+00
9.92208e+02 0.00000e+00
9.92928e+02 0.00000e+00
9.93647e+02 0.00000e+00
