Wavelength Dark Reference Sample Absorbance
1.97742e+02 1.31528e+01 4.87500e+00 3.40278e+00 -7.10909e-02
1.98544e+02 -2.91667e-01 -9.90278e+00 -8.59722e+00 6.34049e-02
1.99347e+02 -1.84722e+00 -1.33472e+01 -1.25972e+01 2.92894e-02
2.00149e+02 -4.18056e+00 -1.32361e+01 -1.27083e+01 2.60792e-02
2.00951e+02 -3.51389e+00 3.38208e+02 3.29181e+02 1.16277e-02
2.01753e+02 -3.18056e+00 3.48653e+02 3.27403e+02 2.70560e-02
2.02554e+02 -1.95833e+00 3.48431e+02 3.36514e+02 1.50273e-02
2.03356e+02 -2.91667e-01 3.59208e+02 3.45514e+02 1.68669e-02
2.04158e+02 -1.62500e+00 3.62431e+02 3.55847e+02 7.92536e-03
2.04960e+02 1.52778e-01 3.70542e+02 3.60181e+02 1.23219e-02
2.05761e+02 -1.06944e+00 3.74764e+02 3.61625e+02 1.54544e-02
2.06563e+02 -7.36111e-01 3.76097e+02 3.69403e+02 7.78460e-03
2.07364e+02 -1.40278e+00 3.81764e+02 3.74736e+02 8.03948e-03
2.08166e+02 -2.18056e+00 3.92319e+02 3.71847e+02 2.31432e-02
2.08967e+02 -1.40278e+00 3.92431e+02 3.81847e+02 1.18303e-02
2.09768e+02 -2.40278e+00 3.95653e+02 3.81625e+02 1.55811e-02
2.10569e+02 -1.73611e+00 3.98208e+02 3.83736e+02 1.60066e-02
2.11370e+02 -1.84722e+00 4.00208e+02 3.88847e+02 1.24488e-02
2.12172e+02 -1.06944e+00 4.02653e+02 3.92847e+02 1.06783e-02
2.12973e+02 -5.13889e-01 4.05653e+02 3.89736e+02 1.73614e-02
2.13773e+02 -4.02778e-01 4.05986e+02 3.95736e+02 1.10943e-02
2.14574e+02 -1.29167e+00 4.10986e+02 3.96625e+02 1.53978e-02
2.15375e+02 -6.94444e-02 4.11542e+02 4.02181e+02 9.99104e-03
2.16176e+02 -1.84722e+00 4.14208e+02 3.99958e+02 1.51354e-02
2.16977e+02 1.52778e-01 4.13319e+02 3.93514e+02 2.13339e-02
2.17777e+02 -1.84722e+00 4.19875e+02 4.01181e+02 1.96915e-02
2.18578e+02 -1.95833e+00 4.14431e+02 4.01625e+02 1.35659e-02
2.19378e+02 -1.18056e+00 4.21431e+02 4.05736e+02 1.64354e-02
2.20179e+02 9.30556e-01 4.24097e+02 4.09403e+02 1.53489e-02
2.20979e+02 2.63889e-01 4.19986e+02 4.01847e+02 1.91863e-02
2.21779e+02 -1.18056e+00 4.18653e+02 4.01625e+02 1.79815e-02
2.22579e+02 -6.25000e-01 4.18097e+02 4.04292e+02 1.45604e-02
2.23380e+02 -1.80556e-01 4.23097e+02 4.07847e+02 1.59357e-02
2.24180e+02 2.63889e-01 4.27097e+02 4.03069e+02 2.51629e-02
2.24980e+02 -2.91667e-01 4.22986e+02 4.04403e+02 1.94982e-02
2.25780e+02 -8.47222e-01 4.19653e+02 3.97958e+02 2.30048e-02
2.26579e+02 4.16667e-02 4.10875e+02 3.93514e+02 1.87516e-02
2.27379e+02 3.75000e-01 4.02875e+02 3.86736e+02 1.77725e-02
2.28179e+02 -5.13889e-01 4.00986e+02 3.81403e+02 2.17169e-02
2.28979e+02 -6.25000e-01 3.89986e+02 3.73847e+02 1.83250e-02
2.29778e+02 4.16667e-02 3.82764e+02 3.61181e+02 2.52094e-02
2.30578e+02 -8.47222e-01 3.71319e+02 3.49403e+02 2.63593e-02
2.31377e+02 -6.25000e-01 3.56653e+02 3.34403e+02 2.79252e-02
2.32177e+02 -4.02778e-01 3.48319e+02 3.26736e+02 2.77474e-02
2.32976e+02 -1.73611e+00 3.45542e+02 3.19292e+02 3.41344e-02
2.33775e+02 -5.13889e-01 3.51653e+02 3.21292e+02 3.91547e-02
2.34575e+02 -8.47222e-01 3.52431e+02 3.21514e+02 3.97737e-02
2.35374e+02 -5.13889e-01 3.57431e+02 3.25181e+02 4.10053e-02
2.36173e+02 3.75000e-01 3.63431e+02 3.31958e+02 3.93804e-02
2.36972e+02 -1.73611e+00 3.72431e+02 3.40403e+02 3.88627e-02
2.37771e+02 -1.84722e+00 3.92653e+02 3.52847e+02 4.61926e-02
2.38570e+02 -7.36111e-01 4.03097e+02 3.62403e+02 4.61294e-02
2.39368e+02 -4.02778e-01 4.16319e+02 3.72403e+02 4.83643e-02
2.40167e+02 -6.94444e-02 4.36097e+02 3.91181e+02 4.71981e-02
2.40966e+02 -1.18056e+00 4.50986e+02 4.05958e+02 4.55560e-02
2.41764e+02 -6.94444e-02 4.71542e+02 4.18958e+02 5.13412e-02
2.42563e+02 -8.47222e-01 4.86986e+02 4.31736e+02 5.22017e-02
2.43361e+02 1.15278e+00 4.99208e+02 4.41181e+02 5.37977e-02
2.44160e+02 -6.25000e-01 5.08431e+02 4.41958e+02 6.07701e-02
2.44958e+02 -8.47222e-01 5.08319e+02 4.38958e+02 6.35993e-02
2.45756e+02 -6.25000e-01 5.04875e+02 4.34958e+02 6.46499e-02
2.46555e+02 -1.18056e+00 5.06764e+02 4.28292e+02 7.28811e-02
2.47353e+02 -1.62500e+00 4.97653e+02 4.24514e+02 6.87911e-02
2.48151e+02 -5.13889e-01 4.99653e+02 4.14403e+02 8.11539e-02
2.48949e+02 -8.47222e-01 4.93431e+02 4.05181e+02 8.54153e-02
2.49747e+02 4.86111e-01 4.97764e+02 3.98514e+02 9.66857e-02
2.50545e+02 7.08333e-01 4.97431e+02 3.94403e+02 1.00954e-01
2.51342e+02 -5.13889e-01 4.89875e+02 3.81958e+02 1.07941e-01
2.52140e+02 3.75000e-01 4.83097e+02 3.72625e+02 1.12863e-01
2.52938e+02 -1.80556e-01 4.78097e+02 3.63514e+02 1.18944e-01
2.53735e+02 7.08333e-01 4.72208e+02 3.49292e+02 1.31175e-01
2.54533e+02 -1.51389e+00 4.62319e+02 3.39181e+02 1.33997e-01
2.55330e+02 -8.47222e-01 4.56431e+02 3.20847e+02 1.52737e-01
2.56128e+02 4.16667e-02 4.43097e+02 3.08403e+02 1.57399e-01
2.56925e+02 -7.36111e-01 4.35319e+02 2.99847e+02 1.61577e-01
2.57722e+02 -1.51389e+00 4.37097e+02 2.89292e+02 1.78477e-01
2.58520e+02 2.63889e-01 4.38431e+02 2.83736e+02 1.89129e-01
2.59317e+02 -2.91667e-01 4.43097e+02 2.81181e+02 1.97349e-01
2.60114e+02 -7.36111e-01 4.50319e+02 2.76847e+02 2.10837e-01
2.60911e+02 3.75000e-01 4.49431e+02 2.76403e+02 2.11347e-01
2.61708e+02 -1.06944e+00 4.62208e+02 2.76736e+02 2.22101e-01
2.62505e+02 -4.02778e-01 4.76542e+02 2.73514e+02 2.40849e-01
2.63301e+02 -1.40278e+00 4.86986e+02 2.87847e+02 2.27492e-01
2.64098e+02 -4.02778e-01 5.01319e+02 2.91403e+02 2.35370e-01
2.64895e+02 -1.62500e+00 5.20653e+02 2.92181e+02 2.49842e-01
2.65691e+02 -5.13889e-01 5.42875e+02 2.99514e+02 2.57949e-01
2.66488e+02 -4.02778e-01 5.65431e+02 3.13736e+02 2.55567e-01
2.67284e+02 -5.13889e-01 5.90208e+02 3.24181e+02 2.59908e-01
2.68081e+02 1.52778e-01 6.16875e+02 3.31403e+02 2.69934e-01
2.68877e+02 -1.06944e+00 6.42431e+02 3.44514e+02 2.69996e-01
2.69673e+02 4.16667e-02 6.74986e+02 3.59847e+02 2.73200e-01
2.70469e+02 -4.02778e-01 6.95431e+02 3.70736e+02 2.72969e-01
2.71265e+02 2.63889e-01 7.20208e+02 3.81958e+02 2.75583e-01
2.72062e+02 -9.58333e-01 7.44097e+02 3.96736e+02 2.72639e-01
2.72857e+02 7.08333e-01 7.76653e+02 4.08403e+02 2.79496e-01
2.73653e+02 -6.25000e-01 8.08542e+02 4.21514e+02 2.82583e-01
2.74449e+02 9.30556e-01 8.35431e+02 4.34625e+02 2.84242e-01
2.75245e+02 1.52778e-01 8.72319e+02 4.49625e+02 2.87897e-01
2.76041e+02 5.97222e-01 9.05875e+02 4.61403e+02 2.93264e-01
2.76836e+02 -6.25000e-01 9.37764e+02 4.84069e+02 2.86915e-01
2.77632e+02 4.16667e-02 9.68986e+02 4.96181e+02 2.90696e-01
2.78427e+02 -1.80556e-01 9.97542e+02 5.12736e+02 2.88963e-01
2.79223e+02 -2.91667e-01 1.04643e+03 5.29958e+02 2.95351e-01
2.80018e+02 -4.02778e-01 1.13954e+03 5.73292e+02 2.98203e-01
2.80813e+02 -1.80556e-01 1.39765e+03 6.54403e+02 3.29490e-01
2.81609e+02 -5.13889e-01 1.95321e+03 8.12069e+02 3.80995e-01
2.82404e+02 -1.06944e+00 2.87610e+03 1.10207e+03 4.16335e-01
2.83199e+02 3.75000e-01 4.30888e+03 1.53718e+03 4.47707e-01
2.83994e+02 -1.29167e+00 6.44499e+03 2.22585e+03 4.61562e-01
2.84789e+02 4.16667e-02 9.03243e+03 3.07762e+03 4.67593e-01
2.85584e+02 -5.13889e-01 1.13664e+04 3.89940e+03 4.64588e-01
2.86379e+02 -1.06944e+00 1.31220e+04 4.57918e+03 4.57146e-01
2.87173e+02 -1.80556e-01 1.43733e+04 5.13262e+03 4.47208e-01
2.87968e+02 -2.91667e-01 1.52677e+04 5.56640e+03 4.38183e-01
2.88763e+02 -1.40278e+00 1.58837e+04 5.92740e+03 4.28022e-01
2.89557e+02 -1.51389e+00 1.63102e+04 6.22462e+03 4.18281e-01
2.90352e+02 -1.80556e-01 1.66711e+04 6.51807e+03 4.07838e-01
2.91146e+02 -2.91667e-01 1.70375e+04 6.83585e+03 3.96603e-01
2.91940e+02 -4.02778e-01 1.74137e+04 7.19996e+03 3.83546e-01
2.92735e+02 2.63889e-01 1.78809e+04 7.54096e+03 3.74971e-01
2.93529e+02 -8.47222e-01 1.82761e+04 7.93962e+03 3.62057e-01
2.94323e+02 -1.40278e+00 1.86685e+04 8.29118e+03 3.52453e-01
2.95117e+02 -9.58333e-01 1.88985e+04 8.57396e+03 3.43220e-01
2.95911e+02 -6.25000e-01 1.89412e+04 8.81396e+03 3.32220e-01
2.96705e+02 -2.91667e-01 1.87923e+04 8.98040e+03 3.20677e-01
2.97499e+02 -2.91667e-01 1.85388e+04 8.99474e+03 3.14085e-01
2.98293e+02 -6.25000e-01 1.81192e+04 8.97540e+03 3.05070e-01
2.99086e+02 -1.40278e+00 1.75755e+04 8.87074e+03 2.96915e-01
2.99880e+02 -4.02778e-01 1.69548e+04 8.71562e+03 2.88983e-01
3.00673e+02 -6.94444e-02 1.63170e+04 8.51018e+03 2.82699e-01
3.01467e+02 4.16667e-02 1.55650e+04 8.25418e+03 2.75476e-01
3.02260e+02 -7.36111e-01 1.48800e+04 8.02485e+03 2.68147e-01
3.03054e+02 -9.58333e-01 1.43535e+04 7.89085e+03 2.59812e-01
3.03847e+02 -8.47222e-01 1.42062e+04 7.87940e+03 2.55964e-01
3.04640e+02 -6.94444e-02 1.43837e+04 8.08962e+03 2.49939e-01
3.05433e+02 3.75000e-01 1.48964e+04 8.45262e+03 2.46099e-01
3.06227e+02 4.86111e-01 1.55248e+04 8.89451e+03 2.41913e-01
3.07020e+02 -1.62500e+00 1.59494e+04 9.24040e+03 2.37022e-01
3.07813e+02 -1.80556e-01 1.59998e+04 9.40140e+03 2.30917e-01
3.08605e+02 -2.91667e-01 1.56511e+04 9.24707e+03 2.28535e-01
3.09398e+02 5.97222e-01 1.48461e+04 8.87962e+03 2.23229e-01
3.10191e+02 4.16667e-02 1.42282e+04 8.55351e+03 2.21006e-01
3.10984e+02 3.75000e-01 1.42353e+04 8.62829e+03 2.17450e-01
3.11776e+02 -1.80556e-01 1.51188e+04 9.21874e+03 2.14842e-01
3.12569e+02 -4.02778e-01 1.61769e+04 9.91874e+03 2.12431e-01
3.13361e+02 1.52778e-01 1.70152e+04 1.04813e+04 2.10425e-01
3.14154e+02 -1.18056e+00 1.74655e+04 1.07895e+04 2.09162e-01
3.14946e+02 3.75000e-01 1.75858e+04 1.09657e+04 2.05129e-01
3.15738e+02 -1.84722e+00 1.75488e+04 1.09718e+04 2.03939e-01
3.16530e+02 4.16667e-02 1.73177e+04 1.09081e+04 2.00742e-01
3.17323e+02 -1.84722e+00 1.69687e+04 1.07448e+04 1.98420e-01
3.18115e+02 -9.58333e-01 1.65543e+04 1.05035e+04 1.97562e-01
3.18907e+02 -7.36111e-01 1.61331e+04 1.02885e+04 1.95354e-01
3.19698e+02 -6.94444e-02 1.56418e+04 1.00210e+04 1.93375e-01
3.20490e+02 -4.02778e-01 1.52354e+04 9.81351e+03 1.91024e-01
3.21282e+02 5.97222e-01 1.49481e+04 9.65485e+03 1.89850e-01
3.22074e+02 4.86111e-01 1.47510e+04 9.56651e+03 1.88075e-01
3.22865e+02 -2.91667e-01 1.46473e+04 9.53451e+03 1.86455e-01
3.23657e+02 -1.80556e-01 1.46793e+04 9.56807e+03 1.85879e-01
3.24448e+02 -5.13889e-01 1.47335e+04 9.68018e+03 1.82416e-01
3.25240e+02 -5.13889e-01 1.48854e+04 9.78218e+03 1.82318e-01
3.26031e+02 -8.47222e-01 1.49983e+04 9.86696e+03 1.81847e-01
3.26823e+02 -1.84722e+00 1.50471e+04 9.90340e+03 1.81641e-01
3.27614e+02 -7.36111e-01 1.49488e+04 9.89862e+03 1.79020e-01
3.28405e+02 -5.13889e-01 1.49218e+04 9.91340e+03 1.77590e-01
3.29196e+02 -5.13889e-01 1.49601e+04 9.93485e+03 1.77766e-01
3.29987e+02 1.26389e+00 1.51191e+04 1.00694e+04 1.76540e-01
3.30778e+02 -1.29167e+00 1.54248e+04 1.03206e+04 1.74495e-01
3.31569e+02 -1.80556e-01 1.57527e+04 1.05392e+04 1.74544e-01
3.32360e+02 -5.13889e-01 1.59728e+04 1.07586e+04 1.71617e-01
3.33150e+02 -4.02778e-01 1.60168e+04 1.08004e+04 1.71130e-01
3.33941e+02 -5.13889e-01 1.59429e+04 1.07914e+04 1.69482e-01
3.34731e+02 1.48611e+00 1.58481e+04 1.07670e+04 1.67903e-01
3.35522e+02 3.75000e-01 1.58261e+04 1.07830e+04 1.66641e-01
3.36312e+02 3.75000e-01 1.59867e+04 1.09636e+04 1.63808e-01
3.37103e+02 -8.47222e-01 1.62210e+04 1.11341e+04 1.63413e-01
3.37893e+02 -7.36111e-01 1.64409e+04 1.13593e+04 1.60565e-01
3.38683e+02 -2.91667e-01 1.65383e+04 1.14270e+04 1.60557e-01
3.39473e+02 4.16667e-02 1.64198e+04 1.14240e+04 1.57551e-01
3.40264e+02 -6.94444e-02 1.62711e+04 1.13600e+04 1.56039e-01
3.41054e+02 -4.02778e-01 1.60911e+04 1.12821e+04 1.54192e-01
3.41844e+02 3.75000e-01 1.57672e+04 1.11148e+04 1.51856e-01
3.42633e+02 1.52778e-01 1.54377e+04 1.08952e+04 1.51349e-01
3.43423e+02 -1.51389e+00 1.50420e+04 1.06955e+04 1.48086e-01
3.44213e+02 5.97222e-01 1.46639e+04 1.04712e+04 1.46260e-01
3.45003e+02 1.15278e+00 1.43624e+04 1.02917e+04 1.44753e-01
3.45792e+02 -8.47222e-01 1.41238e+04 1.01692e+04 1.42654e-01
3.46582e+02 -6.94444e-02 1.39490e+04 1.00833e+04 1.40939e-01
3.47371e+02 -4.02778e-01 1.38492e+04 1.00524e+04 1.39150e-01
3.48161e+02 -7.36111e-01 1.38095e+04 1.00822e+04 1.36616e-01
3.48950e+02 -2.91667e-01 1.36809e+04 1.00300e+04 1.34811e-01
3.49739e+02 -1.29167e+00 1.36079e+04 1.00001e+04 1.33772e-01
3.50528e+02 -1.73611e+00 1.34587e+04 9.98474e+03 1.29646e-01
3.51317e+02 4.86111e-01 1.32573e+04 9.88351e+03 1.27550e-01
3.52106e+02 -1.40278e+00 1.30535e+04 9.75540e+03 1.26467e-01
3.52895e+02 1.52778e-01 1.27682e+04 9.57951e+03 1.24788e-01
3.53684e+02 1.52778e-01 1.25148e+04 9.43940e+03 1.22480e-01
3.54473e+02 -7.36111e-01 1.23188e+04 9.34185e+03 1.20126e-01
3.55262e+02 -2.91667e-01 1.22593e+04 9.32951e+03 1.18604e-01
3.56051e+02 -4.02778e-01 1.22845e+04 9.41485e+03 1.15541e-01
3.56839e+02 4.16667e-02 1.24452e+04 9.57907e+03 1.13679e-01
3.57628e+02 -4.02778e-01 1.25953e+04 9.71618e+03 1.12709e-01
3.58416e+02 4.16667e-02 1.27250e+04 9.85607e+03 1.10954e-01
3.59205e+02 -1.80556e-01 1.27510e+04 9.92574e+03 1.08779e-01
3.59993e+02 -8.47222e-01 1.25880e+04 9.84629e+03 1.06675e-01
3.60781e+02 -4.02778e-01 1.23665e+04 9.70329e+03 1.05325e-01
3.61569e+02 1.52778e-01 1.21462e+04 9.58318e+03 1.02933e-01
3.62357e+02 -2.18056e+00 1.20910e+04 9.58974e+03 1.00635e-01
3.63145e+02 -1.73611e+00 1.22174e+04 9.71296e+03 9.96124e-02
3.63933e+02 -5.13889e-01 1.24519e+04 9.95174e+03 9.73314e-02
3.64721e+02 -9.58333e-01 1.27594e+04 1.02411e+04 9.54780e-02
3.65509e+02 -4.02778e-01 1.30055e+04 1.04798e+04 9.37703e-02
3.66297e+02 -4.02778e-01 1.31679e+04 1.06573e+04 9.18657e-02
3.67085e+02 -7.36111e-01 1.32088e+04 1.07415e+04 8.97911e-02
3.67872e+02 -6.94444e-02 1.30591e+04 1.06847e+04 8.71488e-02
3.68660e+02 -1.18056e+00 1.26819e+04 1.04317e+04 8.48182e-02
3.69447e+02 -7.36111e-01 1.23838e+04 1.02092e+04 8.38563e-02
3.70235e+02 3.75000e-01 1.20863e+04 1.00156e+04 8.16188e-02
3.71022e+02 1.52778e-01 1.19698e+04 9.96807e+03 7.94756e-02
3.71809e+02 -8.47222e-01 1.20558e+04 1.00391e+04 7.94951e-02
3.72596e+02 -1.62500e+00 1.21947e+04 1.01860e+04 7.81561e-02
3.73383e+02 -2.91667e-01 1.23728e+04 1.04118e+04 7.49370e-02
3.74170e+02 -1.84722e+00 1.25992e+04 1.06140e+04 7.44540e-02
3.74957e+02 5.97222e-01 1.27012e+04 1.07765e+04 7.13704e-02
3.75744e+02 -1.29167e+00 1.26581e+04 1.07076e+04 7.26672e-02
3.76531e+02 4.16667e-02 1.24563e+04 1.05825e+04 7.08011e-02
3.77318e+02 -6.94444e-02 1.25481e+04 1.07052e+04 6.89835e-02
3.78105e+02 -6.94444e-02 1.30527e+04 1.11401e+04 6.88105e-02
3.78891e+02 -8.47222e-01 1.38269e+04 1.18477e+04 6.70842e-02
3.79678e+02 -6.25000e-01 1.45312e+04 1.24435e+04 6.73556e-02
3.80464e+02 -2.91667e-01 1.47128e+04 1.26471e+04 6.57030e-02
3.81251e+02 -1.18056e+00 1.48948e+04 1.28538e+04 6.39950e-02
3.82037e+02 -8.47222e-01 1.49647e+04 1.29126e+04 6.40482e-02
3.82823e+02 -1.06944e+00 1.50929e+04 1.30642e+04 6.26850e-02
3.83609e+02 -5.13889e-01 1.49453e+04 1.29697e+04 6.15718e-02
3.84395e+02 -7.36111e-01 1.47213e+04 1.28235e+04 5.99365e-02
3.85181e+02 1.59722e+00 1.44844e+04 1.26026e+04 6.04476e-02
3.85967e+02 3.75000e-01 1.42561e+04 1.24327e+04 5.94356e-02
3.86753e+02 -6.25000e-01 1.41744e+04 1.23727e+04 5.90371e-02
3.87539e+02 1.15278e+00 1.42885e+04 1.25318e+04 5.69777e-02
3.88325e+02 -2.91667e-01 1.43548e+04 1.25840e+04 5.71775e-02
3.89110e+02 3.75000e-01 1.42427e+04 1.24912e+04 5.69890e-02
3.89896e+02 3.75000e-01 1.39377e+04 1.22253e+04 5.69320e-02
3.90682e+02 -6.25000e-01 1.40344e+04 1.23807e+04 5.44457e-02
3.91467e+02 -2.91667e-01 1.44192e+04 1.26967e+04 5.52481e-02
3.92252e+02 -1.80556e-01 1.49257e+04 1.31831e+04 5.39161e-02
3.93038e+02 2.63889e-01 1.54178e+04 1.36168e+04 5.39458e-02
3.93823e+02 1.52778e-01 1.53261e+04 1.35334e+04 5.40251e-02
3.94608e+02 -6.25000e-01 1.53027e+04 1.35563e+04 5.26235e-02
3.95393e+02 -6.25000e-01 1.57573e+04 1.39825e+04 5.18949e-02
3.96178e+02 -1.73611e+00 1.63084e+04 1.44530e+04 5.24495e-02
3.96963e+02 7.08333e-01 1.70990e+04 1.52135e+04 5.07431e-02
3.97748e+02 8.19444e-01 1.80212e+04 1.60427e+04 5.05079e-02
3.98533e+02 -1.29167e+00 1.86361e+04 1.65803e+04 5.07591e-02
3.99318e+02 3.75000e-01 1.81828e+04 1.62008e+04 5.01233e-02
4.00102e+02 -1.40278e+00 1.73084e+04 1.54555e+04 4.91700e-02
4.00887e+02 -9.58333e-01 1.68355e+04 1.50298e+04 4.92696e-02
4.01671e+02 -5.13889e-01 1.65330e+04 1.48131e+04 4.77047e-02
4.02456e+02 -1.29167e+00 1.61610e+04 1.44792e+04 4.77198e-02
4.03240e+02 4.16667e-02 1.60740e+04 1.43758e+04 4.84903e-02
4.04025e+02 4.16667e-02 1.59832e+04 1.43808e+04 4.58796e-02
4.04809e+02 4.16667e-02 1.60013e+04 1.43875e+04 4.61702e-02
4.05593e+02 -6.94444e-02 1.58494e+04 1.42360e+04 4.66267e-02
4.06377e+02 -2.91667e-01 1.50850e+04 1.35754e+04 4.57913e-02
4.07161e+02 -6.94444e-02 1.42962e+04 1.28875e+04 4.50515e-02
4.07945e+02 -8.47222e-01 1.41331e+04 1.27484e+04 4.47787e-02
4.08729e+02 -1.18056e+00 1.43258e+04 1.29367e+04 4.42892e-02
4.09513e+02 1.52778e-01 1.42591e+04 1.28420e+04 4.54613e-02
4.10296e+02 4.86111e-01 1.39420e+04 1.26133e+04 4.34978e-02
4.11080e+02 -5.13889e-01 1.37171e+04 1.24038e+04 4.37041e-02
4.11863e+02 7.08333e-01 1.38778e+04 1.25607e+04 4.33067e-02
4.12647e+02 1.52778e-01 1.44034e+04 1.30322e+04 4.34493e-02
4.13430e+02 -7.36111e-01 1.49048e+04 1.35388e+04 4.17412e-02
4.14214e+02 4.16667e-02 1.51814e+04 1.37938e+04 4.16274e-02
4.14997e+02 5.97222e-01 1.52872e+04 1.38972e+04 4.14032e-02
4.15780e+02 -1.80556e-01 1.54948e+04 1.41317e+04 3.99890e-02
4.16563e+02 -1.80556e-01 1.57635e+04 1.43758e+04 4.00199e-02
4.17346e+02 -1.29167e+00 1.59139e+04 1.44890e+04 4.07353e-02
4.18129e+02 2.63889e-01 1.60831e+04 1.46788e+04 3.96784e-02
4.18912e+02 -6.25000e-01 1.64550e+04 1.50338e+04 3.92258e-02
4.19695e+02 -2.91667e-01 1.70770e+04 1.56438e+04 3.80670e-02
4.20478e+02 -1.18056e+00 1.79628e+04 1.64850e+04 3.72827e-02
4.21261e+02 5.97222e-01 1.90014e+04 1.74254e+04 3.76047e-02
4.22043e+02 -8.47222e-01 1.94432e+04 1.78775e+04 3.64591e-02
4.22826e+02 -1.80556e-01 1.86493e+04 1.71448e+04 3.65290e-02
4.23608e+02 -1.62500e+00 1.79504e+04 1.64864e+04 3.69455e-02
4.24391e+02 1.37500e+00 1.75311e+04 1.61223e+04 3.63853e-02
4.25173e+02 -1.80556e-01 1.72568e+04 1.58828e+04 3.60306e-02
4.25955e+02 -2.91667e-01 1.66485e+04 1.53522e+04 3.52055e-02
4.26737e+02 -9.58333e-01 1.61115e+04 1.48553e+04 3.52537e-02
4.27520e+02 -1.29167e+00 1.62100e+04 1.49557e+04 3.49719e-02
4.28302e+02 4.86111e-01 1.63731e+04 1.51277e+04 3.43580e-02
4.29084e+02 3.75000e-01 1.66850e+04 1.54527e+04 3.33212e-02
4.29865e+02 8.19444e-01 1.71243e+04 1.58651e+04 3.31730e-02
4.30647e+02 -4.02778e-01 1.62829e+04 1.51080e+04 3.25245e-02
4.31429e+02 -6.25000e-01 1.40800e+04 1.30450e+04 3.31580e-02
4.32211e+02 1.59722e+00 1.18657e+04 1.10266e+04 3.18535e-02
4.32992e+02 5.97222e-01 1.07269e+04 9.93162e+03 3.34548e-02
4.33774e+02 5.97222e-01 9.95799e+03 9.23696e+03 3.26446e-02
4.34555e+02 -6.94444e-02 8.80976e+03 8.20674e+03 3.07935e-02
4.35337e+02 7.08333e-01 7.19188e+03 6.69262e+03 3.12488e-02
4.36118e+02 1.52778e-01 6.18510e+03 5.77718e+03 2.96313e-02
4.36899e+02 -1.29167e+00 5.37921e+03 5.01407e+03 3.05204e-02
4.37680e+02 1.52778e-01 4.61199e+03 4.30429e+03 2.99873e-02
4.38461e+02 -2.91667e-01 4.13288e+03 3.86351e+03 2.92677e-02
4.39242e+02 -6.94444e-02 3.81843e+03 3.58785e+03 2.70504e-02
4.40023e+02 4.86111e-01 3.71376e+03 3.47096e+03 2.93689e-02
4.40804e+02 -2.40278e+00 3.83132e+03 3.58918e+03 2.83347e-02
4.41585e+02 3.75000e-01 4.10165e+03 3.86240e+03 2.61038e-02
4.42366e+02 -5.13889e-01 4.29365e+03 4.02240e+03 2.83379e-02
4.43146e+02 1.52778e-01 4.40254e+03 4.14585e+03 2.60911e-02
4.43927e+02 -1.29167e+00 4.51010e+03 4.24207e+03 2.66003e-02
4.44707e+02 -7.36111e-01 4.41243e+03 4.13574e+03 2.81202e-02
4.45488e+02 -7.36111e-01 4.22088e+03 3.96518e+03 2.71346e-02
4.46268e+02 9.30556e-01 3.98399e+03 3.75574e+03 2.56289e-02
4.47048e+02 -6.25000e-01 3.78065e+03 3.56674e+03 2.52915e-02
4.47828e+02 -1.29167e+00 3.59454e+03 3.38440e+03 2.61518e-02
4.48609e+02 3.75000e-01 3.46788e+03 3.28174e+03 2.39624e-02
4.49389e+02 -8.47222e-01 3.35710e+03 3.17885e+03 2.36881e-02
4.50169e+02 -1.40278e+00 3.27176e+03 3.09862e+03 2.36025e-02
4.50948e+02 1.15278e+00 3.19388e+03 3.02974e+03 2.29216e-02
4.51728e+02 4.86111e-01 3.12788e+03 2.96351e+03 2.34462e-02
4.52508e+02 4.16667e-02 3.05799e+03 2.89407e+03 2.39269e-02
4.53288e+02 -2.91667e-01 3.01454e+03 2.85518e+03 2.35854e-02
4.54067e+02 4.16667e-02 2.99054e+03 2.82096e+03 2.53535e-02
4.54847e+02 -2.91667e-01 2.98365e+03 2.83807e+03 2.17231e-02
4.55626e+02 -9.58333e-01 3.00954e+03 2.87140e+03 2.03996e-02
4.56406e+02 -7.36111e-01 3.06321e+03 2.92951e+03 1.93762e-02
4.57185e+02 -4.02778e-01 3.14365e+03 2.98585e+03 2.23640e-02
4.57964e+02 -5.13889e-01 3.21099e+03 3.05162e+03 2.21036e-02
4.58743e+02 -1.06944e+00 3.26599e+03 3.11207e+03 2.09580e-02
4.59522e+02 2.63889e-01 3.27843e+03 3.12151e+03 2.13025e-02
4.60301e+02 4.16667e-02 3.28699e+03 3.13985e+03 1.98896e-02
4.61080e+02 -4.02778e-01 3.24288e+03 3.10929e+03 1.82664e-02
4.61859e+02 -1.29167e+00 3.17043e+03 3.02485e+03 2.04063e-02
4.62638e+02 -1.62500e+00 3.08765e+03 2.95207e+03 1.94914e-02
4.63417e+02 -1.51389e+00 3.02388e+03 2.88718e+03 2.00796e-02
4.64195e+02 3.75000e-01 2.96765e+03 2.83229e+03 2.02777e-02
4.64974e+02 -1.80556e-01 2.91465e+03 2.79196e+03 1.86767e-02
4.65752e+02 1.52778e-01 2.85921e+03 2.74807e+03 1.72190e-02
4.66531e+02 -7.36111e-01 2.80976e+03 2.69929e+03 1.74154e-02
4.67309e+02 -1.06944e+00 2.76532e+03 2.63418e+03 2.10914e-02
4.68087e+02 -8.47222e-01 2.73576e+03 2.61707e+03 1.92573e-02
4.68865e+02 -9.58333e-01 2.71399e+03 2.60918e+03 1.70973e-02
4.69644e+02 -1.18056e+00 2.68932e+03 2.58529e+03 1.71252e-02
4.70422e+02 -2.91667e-01 2.68321e+03 2.57985e+03 1.70585e-02
4.71200e+02 -4.02778e-01 2.67610e+03 2.58074e+03 1.57559e-02
4.71977e+02 4.86111e-01 2.67310e+03 2.57518e+03 1.62101e-02
4.72755e+02 4.86111e-01 2.70476e+03 2.60018e+03 1.71290e-02
4.73533e+02 -8.47222e-01 2.72854e+03 2.62918e+03 1.61051e-02
4.74311e+02 1.52778e-01 2.75510e+03 2.65151e+03 1.66440e-02
4.75088e+02 -1.80556e-01 2.76565e+03 2.68162e+03 1.33987e-02
4.75866e+02 -1.29167e+00 2.80888e+03 2.69396e+03 1.81330e-02
4.76643e+02 -7.36111e-01 2.82954e+03 2.73596e+03 1.46028e-02
4.77420e+02 -6.25000e-01 2.86988e+03 2.77529e+03 1.45511e-02
4.78198e+02 -1.80556e-01 2.90065e+03 2.80162e+03 1.50848e-02
4.78975e+02 -5.13889e-01 2.93710e+03 2.83885e+03 1.47737e-02
4.79752e+02 -2.91667e-01 2.95965e+03 2.86629e+03 1.39190e-02
4.80529e+02 -4.02778e-01 2.98465e+03 2.89718e+03 1.29165e-02
4.81306e+02 -1.06944e+00 3.01232e+03 2.91696e+03 1.39658e-02
4.82083e+02 4.16667e-02 3.02854e+03 2.93085e+03 1.42406e-02
4.82860e+02 -2.91667e-01 3.02776e+03 2.94474e+03 1.20744e-02
4.83637e+02 -1.18056e+00 3.04943e+03 2.95618e+03 1.34825e-02
4.84413e+02 -1.84722e+00 3.08176e+03 2.99074e+03 1.30133e-02
4.85190e+02 -1.06944e+00 3.13588e+03 3.05807e+03 1.09076e-02
4.85966e+02 8.19444e-01 3.17954e+03 3.10085e+03 1.08870e-02
4.86743e+02 -4.02778e-01 3.17265e+03 3.07574e+03 1.34717e-02
4.87519e+02 1.52778e-01 3.11399e+03 3.02762e+03 1.22152e-02
4.88295e+02 -8.47222e-01 3.10310e+03 3.02474e+03 1.11048e-02
4.89072e+02 1.52778e-01 3.09965e+03 3.01574e+03 1.19203e-02
4.89848e+02 5.97222e-01 3.09365e+03 3.03029e+03 8.98889e-03
4.90624e+02 -5.13889e-01 3.10465e+03 3.02474e+03 1.13236e-02
4.91400e+02 -9.58333e-01 3.09265e+03 3.02218e+03 1.00076e-02
4.92176e+02 1.26389e+00 3.09488e+03 3.01685e+03 1.10944e-02
4.92952e+02 -6.94444e-02 3.09443e+03 3.01440e+03 1.13792e-02
4.93727e+02 2.63889e-01 3.07221e+03 2.99996e+03 1.03363e-02
4.94503e+02 -1.06944e+00 3.05588e+03 3.00229e+03 7.67999e-03
4.95279e+02 -6.25000e-01 3.02365e+03 2.97285e+03 7.35779e-03
4.96054e+02 -1.06944e+00 3.02532e+03 2.97162e+03 7.77446e-03
4.96830e+02 4.86111e-01 2.99054e+03 2.95240e+03 5.57516e-03
4.97605e+02 -1.29167e+00 2.98154e+03 2.92685e+03 8.03732e-03
4.98380e+02 -8.47222e-01 2.96088e+03 2.90485e+03 8.29438e-03
4.99156e+02 -4.02778e-01 2.93365e+03 2.89829e+03 5.26589e-03
4.99931e+02 -1.40278e+00 2.91910e+03 2.86507e+03 8.10947e-03
5.00706e+02 -7.36111e-01 2.89688e+03 2.85540e+03 6.26078e-03
5.01481e+02 -4.02778e-01 2.86721e+03 2.83829e+03 4.40161e-03
5.02256e+02 4.86111e-01 2.86488e+03 2.81840e+03 7.10383e-03
5.03031e+02 3.75000e-01 2.84754e+03 2.80918e+03 5.89122e-03
5.03805e+02 -7.36111e-01 2.83376e+03 2.79462e+03 6.03854e-03
5.04580e+02 9.30556e-01 2.82443e+03 2.78996e+03 5.33495e-03
5.05355e+02 -2.91667e-01 2.82421e+03 2.80274e+03 3.31418e-03
5.06129e+02 2.63889e-01 2.83843e+03 2.79229e+03 7.11816e-03
5.06904e+02 -2.91667e-01 2.83154e+03 2.80662e+03 3.83817e-03
5.07678e+02 -7.36111e-01 2.84476e+03 2.82340e+03 3.27254e-03
5.08452e+02 2.63889e-01 2.86865e+03 2.83829e+03 4.62139e-03
5.09227e+02 -6.25000e-01 2.88843e+03 2.87451e+03 2.09706e-03
5.10001e+02 -1.95833e+00 2.91810e+03 2.89929e+03 2.80596e-03
5.10775e+02 3.75000e-01 2.94510e+03 2.93174e+03 1.97501e-03
5.11549e+02 5.97222e-01 2.96865e+03 2.97418e+03 -8.08088e-04
5.12323e+02 -2.91667e-01 3.02510e+03 3.00174e+03 3.36650e-03
5.13097e+02 -6.94444e-02 3.06754e+03 3.05762e+03 1.40622e-03
5.13871e+02 -5.13889e-01 3.10876e+03 3.10462e+03 5.78493e-04
5.14644e+02 -5.13889e-01 3.15899e+03 3.14118e+03 2.45442e-03
5.15418e+02 -9.58333e-01 3.20199e+03 3.20729e+03 -7.18797e-04
5.16192e+02 -6.94444e-02 3.27043e+03 3.26762e+03 3.72714e-04
5.16965e+02 -1.51389e+00 3.32743e+03 3.30674e+03 2.70823e-03
5.17738e+02 -5.13889e-01 3.39176e+03 3.38296e+03 1.12879e-03
5.18512e+02 4.16667e-02 3.46076e+03 3.46329e+03 -3.17101e-04
5.19285e+02 1.37500e+00 3.52243e+03 3.52751e+03 -6.26537e-04
5.20058e+02 5.97222e-01 3.58310e+03 3.58451e+03 -1.71704e-04
5.20831e+02 -9.58333e-01 3.64554e+03 3.65407e+03 -1.01446e-03
5.21604e+02 -1.80556e-01 3.71899e+03 3.71696e+03 2.36852e-04
5.22377e+02 -1.51389e+00 3.78788e+03 3.78796e+03 -9.55057e-06
5.23150e+02 -1.06944e+00 3.87454e+03 3.86774e+03 7.63290e-04
5.23923e+02 4.86111e-01 3.92976e+03 3.93774e+03 -8.80260e-04
5.24696e+02 1.52778e-01 4.00043e+03 3.98307e+03 1.88893e-03
5.25468e+02 -5.13889e-01 4.05676e+03 4.07162e+03 -1.58784e-03
5.26241e+02 -2.91667e-01 4.14021e+03 4.14218e+03 -2.06816e-04
5.27013e+02 4.16667e-02 4.20043e+03 4.20718e+03 -6.97348e-04
5.27786e+02 -1.06944e+00 4.27699e+03 4.29240e+03 -1.56224e-03
5.28558e+02 -4.02778e-01 4.35621e+03 4.35118e+03 5.01490e-04
5.29330e+02 4.86111e-01 4.40243e+03 4.40385e+03 -1.39745e-04
5.30102e+02 1.52778e-01 4.48099e+03 4.48862e+03 -7.39751e-04
5.30875e+02 -6.94444e-02 4.54176e+03 4.53518e+03 6.29961e-04
5.31647e+02 1.15278e+00 4.62076e+03 4.59496e+03 2.43281e-03
5.32418e+02 -5.13889e-01 4.67143e+03 4.69085e+03 -1.80119e-03
5.33190e+02 -1.29167e+00 4.74065e+03 4.75629e+03 -1.42994e-03
5.33962e+02 3.75000e-01 4.79232e+03 4.81196e+03 -1.77624e-03
5.34734e+02 7.08333e-01 4.85632e+03 4.86574e+03 -8.41428e-04
5.35505e+02 -1.06944e+00 4.92654e+03 4.94718e+03 -1.81521e-03
5.36277e+02 5.97222e-01 4.96754e+03 4.99696e+03 -2.56452e-03
5.37049e+02 -6.94444e-02 5.04443e+03 5.04629e+03 -1.60198e-04
5.37820e+02 9.30556e-01 5.07943e+03 5.07985e+03 -3.56303e-05
5.38591e+02 -9.58333e-01 5.12854e+03 5.13207e+03 -2.98580e-04
5.39363e+02 4.16667e-02 5.18599e+03 5.19762e+03 -9.73601e-04
5.40134e+02 -1.51389e+00 5.21432e+03 5.22562e+03 -9.40334e-04
5.40905e+02 -1.84722e+00 5.28232e+03 5.26151e+03 1.71334e-03
5.41676e+02 -7.36111e-01 5.32210e+03 5.32362e+03 -1.24635e-04
5.42447e+02 1.52778e-01 5.34776e+03 5.35485e+03 -5.74877e-04
5.43218e+02 9.30556e-01 5.38188e+03 5.37874e+03 2.53413e-04
5.43988e+02 1.48611e+00 5.39743e+03 5.42362e+03 -2.10317e-03
5.44759e+02 8.19444e-01 5.44254e+03 5.43418e+03 6.67799e-04
5.45530e+02 -4.02778e-01 5.44054e+03 5.46696e+03 -2.10347e-03
5.46300e+02 -5.13889e-01 5.47110e+03 5.48251e+03 -9.05223e-04
5.47071e+02 -1.80556e-01 5.51254e+03 5.49529e+03 1.36109e-03
5.47841e+02 -6.25000e-01 5.50976e+03 5.50862e+03 8.97694e-05
5.48611e+02 9.30556e-01 5.52165e+03 5.52018e+03 1.15830e-04
5.49382e+02 -6.25000e-01 5.53499e+03 5.54307e+03 -6.33713e-04
5.50152e+02 -6.25000e-01 5.53888e+03 5.56240e+03 -1.84066e-03
5.50922e+02 -4.02778e-01 5.56210e+03 5.56185e+03 1.95193e-05
5.51692e+02 -1.80556e-01 5.56743e+03 5.56885e+03 -1.10491e-04
5.52462e+02 -1.06944e+00 5.56121e+03 5.57562e+03 -1.12418e-03
5.53232e+02 -5.13889e-01 5.57154e+03 5.56529e+03 4.87408e-04
5.54001e+02 -7.36111e-01 5.57476e+03 5.56385e+03 8.51170e-04
5.54771e+02 -4.02778e-01 5.59954e+03 5.59651e+03 2.34878e-04
5.55541e+02 -6.94444e-02 5.58510e+03 5.59062e+03 -4.29619e-04
5.56310e+02 1.52778e-01 5.59843e+03 5.60985e+03 -8.84763e-04
5.57080e+02 1.15278e+00 5.62765e+03 5.61896e+03 6.71620e-04
5.57849e+02 1.52778e-01 5.62276e+03 5.63818e+03 -1.18916e-03
5.58618e+02 2.63889e-01 5.64876e+03 5.66251e+03 -1.05591e-03
5.59388e+02 -4.02778e-01 5.65399e+03 5.66162e+03 -5.86321e-04
5.60157e+02 9.30556e-01 5.68499e+03 5.68396e+03 7.85352e-05
5.60926e+02 1.52778e-01 5.66399e+03 5.69996e+03 -2.74958e-03
5.61695e+02 -6.94444e-02 5.70032e+03 5.71485e+03 -1.10542e-03
5.62464e+02 -2.91667e-01 5.73899e+03 5.73751e+03 1.11418e-04
5.63233e+02 2.63889e-01 5.75210e+03 5.76874e+03 -1.25451e-03
5.64001e+02 5.97222e-01 5.78732e+03 5.78429e+03 2.27295e-04
5.64770e+02 5.97222e-01 5.81010e+03 5.82351e+03 -1.00182e-03
5.65539e+02 -1.06944e+00 5.84565e+03 5.83862e+03 5.22337e-04
5.66307e+02 -1.18056e+00 5.87476e+03 5.85951e+03 1.12860e-03
5.67076e+02 -1.80556e-01 5.90688e+03 5.91762e+03 -7.89636e-04
5.67844e+02 7.08333e-01 5.93165e+03 5.93629e+03 -3.39551e-04
5.68612e+02 2.63889e-01 5.99632e+03 5.99607e+03 1.81079e-05
5.69381e+02 2.63889e-01 6.03388e+03 6.01696e+03 1.21936e-03
5.70149e+02 5.97222e-01 6.05510e+03 6.05296e+03 1.53451e-04
5.70917e+02 -1.06944e+00 6.09943e+03 6.08385e+03 1.11080e-03
5.71685e+02 1.37500e+00 6.13110e+03 6.12896e+03 1.51568e-04
5.72453e+02 -1.40278e+00 6.14010e+03 6.13540e+03 3.32093e-04
5.73220e+02 -5.13889e-01 6.17321e+03 6.18296e+03 -6.85329e-04
5.73988e+02 -6.25000e-01 6.20321e+03 6.21462e+03 -7.98480e-04
5.74756e+02 7.08333e-01 6.20676e+03 6.20862e+03 -1.30219e-04
5.75523e+02 -7.36111e-01 6.23221e+03 6.24262e+03 -7.25199e-04
5.76291e+02 -1.80556e-01 6.23132e+03 6.24118e+03 -6.86711e-04
5.77058e+02 -6.94444e-02 6.27943e+03 6.26751e+03 8.24948e-04
5.77826e+02 9.30556e-01 6.29521e+03 6.31896e+03 -1.63563e-03
5.78593e+02 3.75000e-01 6.30676e+03 6.31274e+03 -4.11087e-04
5.79360e+02 -2.40278e+00 6.32121e+03 6.32240e+03 -8.20246e-05
5.80127e+02 1.52778e-01 6.34743e+03 6.35340e+03 -4.08440e-04
5.80894e+02 -1.18056e+00 6.38065e+03 6.39485e+03 -9.64883e-04
5.81661e+02 -1.80556e-01 6.42365e+03 6.43507e+03 -7.71159e-04
5.82428e+02 8.19444e-01 6.44399e+03 6.43418e+03 6.61436e-04
5.83195e+02 -5.13889e-01 6.43810e+03 6.44985e+03 -7.91834e-04
5.83962e+02 -4.02778e-01 6.45699e+03 6.49074e+03 -2.26396e-03
5.84728e+02 1.52778e-01 6.52999e+03 6.53562e+03 -3.74877e-04
5.85495e+02 4.16667e-02 6.55588e+03 6.55107e+03 3.18463e-04
5.86261e+02 -6.25000e-01 6.59176e+03 6.61262e+03 -1.37212e-03
5.87028e+02 1.15278e+00 6.61565e+03 6.61940e+03 -2.46148e-04
5.87794e+02 -4.02778e-01 6.65176e+03 6.65474e+03 -1.94002e-04
5.88560e+02 -5.13889e-01 6.68110e+03 6.67807e+03 1.96846e-04
5.89326e+02 -6.25000e-01 6.71299e+03 6.71651e+03 -2.28147e-04
5.90092e+02 7.08333e-01 6.74121e+03 6.75585e+03 -9.42170e-04
5.90858e+02 -8.47222e-01 6.77276e+03 6.78585e+03 -8.38037e-04
5.91624e+02 -8.47222e-01 6.85199e+03 6.84662e+03 3.39890e-04
5.92390e+02 -6.94444e-02 6.89332e+03 6.90785e+03 -9.14310e-04
5.93156e+02 -1.80556e-01 6.97565e+03 6.99362e+03 -1.11746e-03
5.93922e+02 -9.58333e-01 7.02254e+03 7.03640e+03 -8.56250e-04
5.94687e+02 -1.29167e+00 7.08699e+03 7.10507e+03 -1.10654e-03
5.95453e+02 -1.80556e-01 7.14299e+03 7.16662e+03 -1.43484e-03
5.96218e+02 9.30556e-01 7.20088e+03 7.22296e+03 -1.33001e-03
5.96984e+02 5.97222e-01 7.29376e+03 7.30162e+03 -4.67862e-04
5.97749e+02 -7.36111e-01 7.37899e+03 7.35718e+03 1.28515e-03
5.98514e+02 -1.80556e-01 7.45921e+03 7.45540e+03 2.21621e-04
5.99279e+02 2.63889e-01 7.55354e+03 7.55485e+03 -7.50597e-05
6.00044e+02 4.16667e-02 7.65699e+03 7.65518e+03 1.02421e-04
6.00809e+02 4.86111e-01 7.73888e+03 7.73985e+03 -5.45597e-05
6.01574e+02 1.52778e-01 7.82632e+03 7.83751e+03 -6.20765e-04
6.02339e+02 -6.25000e-01 7.93554e+03 7.96362e+03 -1.53410e-03
6.03104e+02 1.52778e-01 8.06932e+03 8.07885e+03 -5.12497e-04
6.03868e+02 -2.91667e-01 8.19132e+03 8.20074e+03 -4.98956e-04
6.04633e+02 -1.62500e+00 8.29876e+03 8.29574e+03 1.58449e-04
6.05397e+02 -6.94444e-02 8.41276e+03 8.42474e+03 -6.17601e-04
6.06162e+02 7.08333e-01 8.55288e+03 8.52885e+03 1.22189e-03
6.06926e+02 -8.47222e-01 8.68488e+03 8.70618e+03 -1.06399e-03
6.07690e+02 -5.13889e-01 8.83210e+03 8.81907e+03 6.41041e-04
6.08455e+02 -1.95833e+00 8.95821e+03 8.95229e+03 2.86872e-04
6.09219e+02 -1.40278e+00 9.08565e+03 9.08851e+03 -1.36719e-04
6.09983e+02 1.04167e+00 9.23321e+03 9.25396e+03 -9.75015e-04
6.10747e+02 2.63889e-01 9.35232e+03 9.37851e+03 -1.21473e-03
6.11511e+02 -2.91667e-01 9.52632e+03 9.51774e+03 3.91469e-04
6.12274e+02 4.86111e-01 9.67776e+03 9.66218e+03 6.99909e-04
6.13038e+02 -6.94444e-02 9.76699e+03 9.80196e+03 -1.55227e-03
6.13802e+02 8.19444e-01 9.92510e+03 9.96096e+03 -1.56648e-03
6.14565e+02 1.15278e+00 1.00991e+04 1.00953e+04 1.63701e-04
6.15329e+02 -8.47222e-01 1.02230e+04 1.02235e+04 -2.24187e-05
6.16092e+02 -5.13889e-01 1.03828e+04 1.03737e+04 3.77763e-04
6.16855e+02 -5.13889e-01 1.05471e+04 1.05211e+04 1.07301e-03
6.17618e+02 -8.47222e-01 1.06559e+04 1.06666e+04 -4.37875e-04
6.18382e+02 4.86111e-01 1.07951e+04 1.08117e+04 -6.68909e-04
6.19145e+02 4.16667e-02 1.09425e+04 1.09428e+04 -1.21270e-05
6.19908e+02 -1.80556e-01 1.10682e+04 1.10901e+04 -8.56927e-04
6.20671e+02 -6.94444e-02 1.11919e+04 1.12101e+04 -7.05448e-04
6.21433e+02 -5.13889e-01 1.13050e+04 1.13428e+04 -1.45198e-03
6.22196e+02 8.19444e-01 1.14635e+04 1.14628e+04 2.63116e-05
6.22959e+02 8.19444e-01 1.15982e+04 1.16018e+04 -1.36246e-04
6.23721e+02 -6.94444e-02 1.17245e+04 1.17044e+04 7.46611e-04
6.24484e+02 4.16667e-02 1.18483e+04 1.18834e+04 -1.28407e-03
6.25246e+02 4.86111e-01 1.19528e+04 1.19593e+04 -2.37127e-04
6.26009e+02 -1.06944e+00 1.20929e+04 1.20985e+04 -2.02446e-04
6.26771e+02 8.19444e-01 1.22104e+04 1.22293e+04 -6.70370e-04
6.27533e+02 -2.91667e-01 1.23424e+04 1.23502e+04 -2.72608e-04
6.28295e+02 5.97222e-01 1.24437e+04 1.24758e+04 -1.12222e-03
6.29057e+02 -7.36111e-01 1.25793e+04 1.26378e+04 -2.01584e-03
6.29819e+02 4.86111e-01 1.27178e+04 1.27416e+04 -8.14092e-04
6.30581e+02 -7.36111e-01 1.28415e+04 1.28466e+04 -1.71872e-04
6.31343e+02 -8.47222e-01 1.29489e+04 1.29755e+04 -8.92470e-04
6.32104e+02 1.26389e+00 1.30693e+04 1.30612e+04 2.70566e-04
6.32866e+02 -5.13889e-01 1.31817e+04 1.31754e+04 2.05959e-04
6.33627e+02 4.16667e-02 1.32753e+04 1.32865e+04 -3.66067e-04
6.34389e+02 -1.18056e+00 1.33563e+04 1.33590e+04 -8.57901e-05
6.35150e+02 1.15278e+00 1.34671e+04 1.34367e+04 9.80291e-04
6.35911e+02 -1.80556e-01 1.35529e+04 1.35392e+04 4.39047e-04
6.36673e+02 -2.91667e-01 1.36179e+04 1.36323e+04 -4.59516e-04
6.37434e+02 -2.06944e+00 1.37168e+04 1.37044e+04 3.91490e-04
6.38195e+02 -6.94444e-02 1.37349e+04 1.37936e+04 -1.85369e-03
6.38956e+02 5.97222e-01 1.38059e+04 1.38505e+04 -1.40201e-03
6.39717e+02 -1.18056e+00 1.38700e+04 1.38732e+04 -1.00004e-04
6.40477e+02 3.75000e-01 1.39133e+04 1.39112e+04 6.67708e-05
6.41238e+02 -6.25000e-01 1.39578e+04 1.39690e+04 -3.48159e-04
6.41999e+02 2.63889e-01 1.39900e+04 1.40007e+04 -3.33593e-04
6.42759e+02 -2.91667e-01 1.40331e+04 1.40552e+04 -6.82881e-04
6.43520e+02 -6.94444e-02 1.40820e+04 1.40765e+04 1.68798e-04
6.44280e+02 -1.80556e-01 1.40690e+04 1.41096e+04 -1.25265e-03
6.45041e+02 -1.80556e-01 1.41110e+04 1.41215e+04 -3.23889e-04
6.45801e+02 -7.36111e-01 1.41279e+04 1.41460e+04 -5.55502e-04
6.46561e+02 5.97222e-01 1.41378e+04 1.41350e+04 8.61954e-05
6.47321e+02 -8.47222e-01 1.41917e+04 1.41566e+04 1.07318e-03
6.48081e+02 4.16667e-02 1.41665e+04 1.42091e+04 -1.30180e-03
6.48841e+02 -2.91667e-01 1.41937e+04 1.42071e+04 -4.10318e-04
6.49601e+02 -4.02778e-01 1.42044e+04 1.42144e+04 -3.04781e-04
6.50360e+02 4.86111e-01 1.42088e+04 1.41771e+04 9.69864e-04
6.51120e+02 -5.13889e-01 1.41901e+04 1.42101e+04 -6.10807e-04
6.51880e+02 -1.80556e-01 1.42057e+04 1.42016e+04 1.23153e-04
6.52639e+02 -8.47222e-01 1.41983e+04 1.42256e+04 -8.34363e-04
6.53399e+02 -9.58333e-01 1.41810e+04 1.42086e+04 -8.45564e-04
6.54158e+02 -5.13889e-01 1.42219e+04 1.42382e+04 -4.97621e-04
6.54917e+02 -4.02778e-01 1.42907e+04 1.43542e+04 -1.92628e-03
6.55676e+02 -6.25000e-01 1.47132e+04 1.47394e+04 -7.72470e-04
6.56435e+02 4.86111e-01 1.47178e+04 1.47368e+04 -5.62768e-04
6.57194e+02 8.19444e-01 1.45003e+04 1.44791e+04 6.36955e-04
6.57953e+02 -2.91667e-01 1.43028e+04 1.42970e+04 1.76314e-04
6.58712e+02 -1.51389e+00 1.42807e+04 1.43154e+04 -1.05540e-03
6.59471e+02 -6.94444e-02 1.42871e+04 1.43093e+04 -6.74133e-04
6.60230e+02 1.04167e+00 1.43045e+04 1.43438e+04 -1.19179e-03
6.60988e+02 -1.80556e-01 1.43614e+04 1.43122e+04 1.49188e-03
6.61747e+02 -4.02778e-01 1.43819e+04 1.43796e+04 6.79474e-05
6.62505e+02 2.63889e-01 1.44593e+04 1.44066e+04 1.58563e-03
6.63264e+02 1.48611e+00 1.44714e+04 1.44912e+04 -5.92364e-04
6.64022e+02 1.26389e+00 1.45024e+04 1.45142e+04 -3.51757e-04
6.64780e+02 -5.13889e-01 1.45449e+04 1.45542e+04 -2.77755e-04
6.65538e+02 -5.13889e-01 1.45874e+04 1.46056e+04 -5.41325e-04
6.66296e+02 -8.47222e-01 1.46662e+04 1.46806e+04 -4.26671e-04
6.67054e+02 4.16667e-02 1.47097e+04 1.47177e+04 -2.38591e-04
6.67812e+02 -1.06944e+00 1.47674e+04 1.48222e+04 -1.60705e-03
6.68570e+02 1.37500e+00 1.48774e+04 1.48884e+04 -3.20207e-04
6.69327e+02 -7.36111e-01 1.49590e+04 1.49650e+04 -1.73344e-04
6.70085e+02 -6.94444e-02 1.50119e+04 1.50125e+04 -1.84826e-05
6.70843e+02 -8.47222e-01 1.51045e+04 1.51382e+04 -9.66075e-04
6.71600e+02 -4.02778e-01 1.52423e+04 1.52175e+04 7.07334e-04
6.72357e+02 -6.94444e-02 1.53080e+04 1.53087e+04 -2.12772e-05
6.73115e+02 -5.13889e-01 1.54042e+04 1.53958e+04 2.35783e-04
6.73872e+02 1.48611e+00 1.55247e+04 1.55108e+04 3.86412e-04
6.74629e+02 3.75000e-01 1.56204e+04 1.56693e+04 -1.35640e-03
6.75386e+02 1.52778e-01 1.57565e+04 1.57638e+04 -2.01317e-04
6.76143e+02 4.86111e-01 1.59087e+04 1.58965e+04 3.31519e-04
6.76900e+02 -1.80556e-01 1.60551e+04 1.60626e+04 -2.03578e-04
6.77657e+02 4.16667e-02 1.61640e+04 1.62026e+04 -1.03691e-03
6.78413e+02 1.59722e+00 1.62935e+04 1.63033e+04 -2.59828e-04
6.79170e+02 -1.29167e+00 1.64418e+04 1.64751e+04 -8.78778e-04
6.79927e+02 -8.47222e-01 1.66083e+04 1.66016e+04 1.75081e-04
6.80683e+02 2.63889e-01 1.67164e+04 1.67528e+04 -9.45094e-04
6.81439e+02 -2.91667e-01 1.69031e+04 1.69123e+04 -2.36166e-04
6.82196e+02 -2.91667e-01 1.70598e+04 1.70606e+04 -2.19206e-05
6.82952e+02 -6.25000e-01 1.71885e+04 1.72025e+04 -3.52873e-04
6.83708e+02 4.16667e-02 1.72702e+04 1.73350e+04 -1.62523e-03
6.84464e+02 -4.02778e-01 1.75059e+04 1.75406e+04 -8.61221e-04
6.85220e+02 -1.51389e+00 1.77238e+04 1.77128e+04 2.67556e-04
6.85976e+02 -2.91667e-01 1.78612e+04 1.79070e+04 -1.11097e-03
6.86732e+02 3.75000e-01 1.80787e+04 1.80486e+04 7.21957e-04
6.87488e+02 -8.47222e-01 1.82332e+04 1.82656e+04 -7.71407e-04
6.88243e+02 -1.80556e-01 1.84392e+04 1.84813e+04 -9.90040e-04
6.88999e+02 -4.02778e-01 1.86034e+04 1.86358e+04 -7.56088e-04
6.89754e+02 -6.25000e-01 1.87501e+04 1.87737e+04 -5.47167e-04
6.90510e+02 1.04167e+00 1.89714e+04 1.90384e+04 -1.53051e-03
6.91265e+02 8.19444e-01 1.92099e+04 1.92458e+04 -8.12530e-04
6.92020e+02 -2.91667e-01 1.93897e+04 1.93992e+04 -2.13350e-04
6.92775e+02 -8.47222e-01 1.95779e+04 1.95784e+04 -1.17070e-05
6.93530e+02 5.97222e-01 1.97450e+04 1.97680e+04 -5.05000e-04
6.94285e+02 -1.06944e+00 1.99649e+04 1.99681e+04 -6.94792e-05
6.95040e+02 -8.47222e-01 2.01458e+04 2.01798e+04 -7.34103e-04
6.95795e+02 3.75000e-01 2.02727e+04 2.03731e+04 -2.14592e-03
6.96550e+02 2.63889e-01 2.04723e+04 2.04895e+04 -3.64610e-04
6.97304e+02 -6.94444e-02 2.07272e+04 2.07068e+04 4.26832e-04
6.98059e+02 -5.13889e-01 2.08577e+04 2.08696e+04 -2.49206e-04
6.98813e+02 -1.40278e+00 2.09680e+04 2.10303e+04 -1.28849e-03
6.99568e+02 -7.36111e-01 2.11524e+04 2.11458e+04 1.35183e-04
7.00322e+02 -6.94444e-02 2.13264e+04 2.13656e+04 -7.97426e-04
7.01076e+02 -6.25000e-01 2.15025e+04 2.15177e+04 -3.06770e-04
7.01831e+02 1.70833e+00 2.15574e+04 2.15975e+04 -8.06830e-04
7.02585e+02 -6.94444e-02 2.17498e+04 2.17601e+04 -2.05730e-04
7.03339e+02 5.97222e-01 2.19178e+04 2.19597e+04 -8.30895e-04
7.04092e+02 1.04167e+00 2.20445e+04 2.21053e+04 -1.19523e-03
7.04846e+02 2.63889e-01 2.21530e+04 2.21740e+04 -4.10957e-04
7.05600e+02 4.16667e-02 2.22495e+04 2.22851e+04 -6.92924e-04
7.06354e+02 -2.91667e-01 2.24342e+04 2.24690e+04 -6.72182e-04
7.07107e+02 -1.51389e+00 2.25753e+04 2.26303e+04 -1.05618e-03
7.07861e+02 -6.94444e-02 2.26225e+04 2.26478e+04 -4.85528e-04
7.08614e+02 -5.13889e-01 2.26954e+04 2.27132e+04 -3.39519e-04
7.09367e+02 7.08333e-01 2.28142e+04 2.28201e+04 -1.11562e-04
7.10121e+02 -1.62500e+00 2.29265e+04 2.30101e+04 -1.57927e-03
7.10874e+02 4.86111e-01 2.29844e+04 2.30575e+04 -1.37876e-03
7.11627e+02 8.19444e-01 2.29850e+04 2.30557e+04 -1.33479e-03
7.12380e+02 1.04167e+00 2.30649e+04 2.31323e+04 -1.26761e-03
7.13133e+02 1.52778e-01 2.32087e+04 2.32435e+04 -6.51857e-04
7.13886e+02 -1.06944e+00 2.32720e+04 2.33002e+04 -5.25813e-04
7.14638e+02 -4.02778e-01 2.32909e+04 2.32708e+04 3.73603e-04
7.15391e+02 -2.91667e-01 2.32834e+04 2.32730e+04 1.95375e-04
7.16143e+02 -1.29167e+00 2.33182e+04 2.33203e+04 -3.87976e-05
7.16896e+02 -1.80556e-01 2.33241e+04 2.33406e+04 -3.07636e-04
7.17648e+02 3.75000e-01 2.32874e+04 2.33351e+04 -8.87539e-04
7.18401e+02 4.86111e-01 2.31134e+04 2.32076e+04 -1.76633e-03
7.19153e+02 -4.02778e-01 2.30834e+04 2.31083e+04 -4.67480e-04
7.19905e+02 -1.06944e+00 2.30063e+04 2.30784e+04 -1.35854e-03
7.20657e+02 -7.36111e-01 2.30032e+04 2.30375e+04 -6.47177e-04
7.21409e+02 -7.36111e-01 2.28643e+04 2.28690e+04 -8.81012e-05
7.22161e+02 3.75000e-01 2.27840e+04 2.27701e+04 2.65356e-04
7.22913e+02 8.19444e-01 2.27429e+04 2.27692e+04 -5.02055e-04
7.23664e+02 2.63889e-01 2.27888e+04 2.27994e+04 -2.02705e-04
7.24416e+02 -8.47222e-01 2.27761e+04 2.27900e+04 -2.64213e-04
7.25168e+02 9.30556e-01 2.27282e+04 2.27965e+04 -1.30329e-03
7.25919e+02 -1.51389e+00 2.27913e+04 2.28133e+04 -4.18457e-04
7.26670e+02 -6.25000e-01 2.28871e+04 2.29105e+04 -4.44104e-04
7.27422e+02 -5.13889e-01 2.29639e+04 2.29975e+04 -6.35701e-04
7.28173e+02 -9.58333e-01 2.29553e+04 2.29510e+04 8.25128e-05
7.28924e+02 -6.94444e-02 2.29959e+04 2.29951e+04 1.52137e-05
7.29675e+02 -2.91667e-01 2.30532e+04 2.30926e+04 -7.41919e-04
7.30426e+02 -4.02778e-01 2.31503e+04 2.32347e+04 -1.58073e-03
7.31177e+02 1.04167e+00 2.32177e+04 2.32438e+04 -4.89722e-04
7.31928e+02 -1.06944e+00 2.31599e+04 2.32375e+04 -1.45338e-03
7.32679e+02 -1.40278e+00 2.31661e+04 2.31896e+04 -4.40824e-04
7.33429e+02 2.63889e-01 2.32551e+04 2.32985e+04 -8.10070e-04
7.34180e+02 -6.94444e-02 2.33404e+04 2.33760e+04 -6.60559e-04
7.34930e+02 3.75000e-01 2.33214e+04 2.33701e+04 -9.04831e-04
7.35681e+02 -4.02778e-01 2.32499e+04 2.32911e+04 -7.68795e-04
7.36431e+02 -7.36111e-01 2.33069e+04 2.33244e+04 -3.26475e-04
7.37181e+02 -6.94444e-02 2.33373e+04 2.33700e+04 -6.06965e-04
7.37931e+02 -4.02778e-01 2.33975e+04 2.34366e+04 -7.24829e-04
7.38681e+02 -1.06944e+00 2.33609e+04 2.33788e+04 -3.33972e-04
7.39431e+02 5.97222e-01 2.32711e+04 2.33050e+04 -6.31486e-04
7.40181e+02 1.52778e-01 2.32003e+04 2.32813e+04 -1.51312e-03
7.40931e+02 -2.91667e-01 2.33017e+04 2.33465e+04 -8.35304e-04
7.41680e+02 1.52778e-01 2.33421e+04 2.33902e+04 -8.93707e-04
7.42430e+02 4.16667e-02 2.33523e+04 2.33351e+04 3.20926e-04
7.43180e+02 -6.94444e-02 2.32934e+04 2.33255e+04 -5.97765e-04
7.43929e+02 -8.47222e-01 2.32985e+04 2.32940e+04 8.54405e-05
7.44678e+02 -6.25000e-01 2.33831e+04 2.34152e+04 -5.95460e-04
7.45428e+02 -7.36111e-01 2.34713e+04 2.34697e+04 2.92968e-05
7.46177e+02 3.75000e-01 2.33897e+04 2.34198e+04 -5.60292e-04
7.46926e+02 -1.06944e+00 2.34182e+04 2.34346e+04 -3.04329e-04
7.47675e+02 -1.18056e+00 2.34694e+04 2.35056e+04 -6.69217e-04
7.48424e+02 -1.06944e+00 2.36005e+04 2.36516e+04 -9.38971e-04
7.49173e+02 -6.94444e-02 2.36324e+04 2.36396e+04 -1.32192e-04
7.49922e+02 -7.36111e-01 2.35354e+04 2.36031e+04 -1.24630e-03
7.50670e+02 -1.80556e-01 2.36279e+04 2.36242e+04 6.79109e-05
7.51419e+02 -1.80556e-01 2.37553e+04 2.38292e+04 -1.34822e-03
7.52167e+02 -4.02778e-01 2.39278e+04 2.39261e+04 3.07551e-05
7.52916e+02 -1.73611e+00 2.39565e+04 2.39893e+04 -5.93258e-04
7.53664e+02 1.52778e-01 2.39212e+04 2.39127e+04 1.53843e-04
7.54412e+02 4.16667e-02 2.39882e+04 2.39902e+04 -3.57047e-05
7.55161e+02 -4.02778e-01 2.41277e+04 2.41624e+04 -6.25035e-04
7.55909e+02 -4.02778e-01 2.43064e+04 2.43264e+04 -3.56701e-04
7.56657e+02 -1.80556e-01 2.44140e+04 2.44586e+04 -7.93339e-04
7.57405e+02 1.15278e+00 2.44655e+04 2.44737e+04 -1.45444e-04
7.58152e+02 -1.18056e+00 2.43959e+04 2.44596e+04 -1.13334e-03
7.58900e+02 4.16667e-02 2.45483e+04 2.45416e+04 1.18451e-04
7.59648e+02 -6.25000e-01 2.47490e+04 2.47453e+04 6.48332e-05
7.60395e+02 -5.13889e-01 2.48979e+04 2.49081e+04 -1.77782e-04
7.61143e+02 -2.91667e-01 2.49164e+04 2.49312e+04 -2.57014e-04
7.61890e+02 -1.84722e+00 2.49160e+04 2.49984e+04 -1.43407e-03
7.62638e+02 -7.36111e-01 2.50193e+04 2.50670e+04 -8.26123e-04
7.63385e+02 4.86111e-01 2.52094e+04 2.52444e+04 -6.02077e-04
7.64132e+02 -1.29167e+00 2.54020e+04 2.54012e+04 1.37720e-05
7.64879e+02 -1.80556e-01 2.54247e+04 2.54716e+04 -8.01616e-04
7.65626e+02 4.86111e-01 2.54215e+04 2.54656e+04 -7.52469e-04
7.66373e+02 -7.36111e-01 2.54724e+04 2.55377e+04 -1.11198e-03
7.67120e+02 -7.36111e-01 2.56954e+04 2.57070e+04 -1.94789e-04
7.67866e+02 -6.94444e-02 2.58787e+04 2.59258e+04 -7.91292e-04
7.68613e+02 -6.25000e-01 2.60125e+04 2.60252e+04 -2.10957e-04
7.69359e+02 8.19444e-01 2.60045e+04 2.60318e+04 -4.55797e-04
7.70106e+02 4.16667e-02 2.60759e+04 2.60977e+04 -3.63946e-04
7.70852e+02 -6.25000e-01 2.62905e+04 2.63422e+04 -8.52168e-04
7.71599e+02 2.63889e-01 2.65290e+04 2.65283e+04 1.13687e-05
7.72345e+02 -1.18056e+00 2.66913e+04 2.67236e+04 -5.25303e-04
7.73091e+02 -5.13889e-01 2.67589e+04 2.67435e+04 2.49376e-04
7.73837e+02 -6.94444e-02 2.67375e+04 2.67434e+04 -9.51906e-05
7.74583e+02 3.75000e-01 2.68785e+04 2.69473e+04 -1.10944e-03
7.75329e+02 -1.18056e+00 2.72181e+04 2.72475e+04 -4.69101e-04
7.76075e+02 7.08333e-01 2.74542e+04 2.74437e+04 1.65695e-04
7.76820e+02 9.30556e-01 2.75158e+04 2.75757e+04 -9.45572e-04
7.77566e+02 -1.80556e-01 2.75657e+04 2.75667e+04 -1.70674e-05
7.78311e+02 1.04167e+00 2.76199e+04 2.76780e+04 -9.12377e-04
7.79057e+02 3.75000e-01 2.78397e+04 2.78737e+04 -5.31377e-04
7.79802e+02 8.19444e-01 2.82095e+04 2.82214e+04 -1.82572e-04
7.80547e+02 2.63889e-01 2.83571e+04 2.84632e+04 -1.62167e-03
7.81293e+02 -1.80556e-01 2.84832e+04 2.84841e+04 -1.31294e-05
7.82038e+02 -1.29167e+00 2.85314e+04 2.85627e+04 -4.76238e-04
7.82783e+02 -4.02778e-01 2.86761e+04 2.87273e+04 -7.74629e-04
7.83528e+02 -1.80556e-01 2.89724e+04 2.90094e+04 -5.53854e-04
7.84272e+02 -2.91667e-01 2.92214e+04 2.93657e+04 -2.13940e-03
7.85017e+02 2.63889e-01 2.94570e+04 2.94865e+04 -4.35124e-04
7.85762e+02 -6.25000e-01 2.94882e+04 2.95318e+04 -6.42213e-04
7.86506e+02 -8.47222e-01 2.95723e+04 2.96285e+04 -8.24456e-04
7.87251e+02 -2.06944e+00 2.98914e+04 2.99054e+04 -2.02942e-04
7.87995e+02 -5.13889e-01 3.02333e+04 3.02910e+04 -8.27167e-04
7.88740e+02 -7.36111e-01 3.04961e+04 3.05310e+04 -4.96161e-04
7.89484e+02 -1.40278e+00 3.05359e+04 3.06040e+04 -9.67188e-04
7.90228e+02 -1.80556e-01 3.06379e+04 3.06794e+04 -5.88258e-04
7.90972e+02 -6.94444e-02 3.08855e+04 3.08956e+04 -1.41762e-04
7.91716e+02 -4.02778e-01 3.12790e+04 3.12728e+04 8.52429e-05
7.92460e+02 -2.91667e-01 3.16348e+04 3.16783e+04 -5.97150e-04
7.93204e+02 -2.91667e-01 3.18471e+04 3.18904e+04 -5.90145e-04
7.93947e+02 -4.02778e-01 3.18749e+04 3.19441e+04 -9.41739e-04
7.94691e+02 -5.13889e-01 3.20003e+04 3.20455e+04 -6.12917e-04
7.95434e+02 -9.58333e-01 3.22254e+04 3.22703e+04 -6.04144e-04
7.96178e+02 -4.02778e-01 3.26112e+04 3.26483e+04 -4.93565e-04
7.96921e+02 -4.02778e-01 3.29534e+04 3.30268e+04 -9.66473e-04
7.97664e+02 -1.40278e+00 3.31707e+04 3.32235e+04 -6.91516e-04
7.98408e+02 -9.58333e-01 3.32380e+04 3.32427e+04 -6.20583e-05
7.99151e+02 -1.29167e+00 3.32842e+04 3.32798e+04 5.69056e-05
7.99894e+02 4.16667e-02 3.35842e+04 3.35911e+04 -8.87156e-05
8.00637e+02 -1.06944e+00 3.39573e+04 3.40511e+04 -1.19732e-03
8.01380e+02 4.16667e-02 3.44005e+04 3.44383e+04 -4.76319e-04
8.02122e+02 -2.91667e-01 3.45992e+04 3.46066e+04 -9.30844e-05
8.02865e+02 8.19444e-01 3.46450e+04 3.47536e+04 -1.35975e-03
8.03608e+02 -9.58333e-01 3.46867e+04 3.47897e+04 -1.28871e-03
8.04350e+02 -8.47222e-01 3.49029e+04 3.49745e+04 -8.90463e-04
8.05092e+02 7.08333e-01 3.53550e+04 3.53412e+04 1.69622e-04
8.05835e+02 -4.02778e-01 3.56942e+04 3.58123e+04 -1.43434e-03
8.06577e+02 3.75000e-01 3.59632e+04 3.60460e+04 -9.98158e-04
8.07319e+02 -4.02778e-01 3.59082e+04 3.60065e+04 -1.18733e-03
8.08061e+02 -5.13889e-01 3.59664e+04 3.60547e+04 -1.06497e-03
8.08803e+02 -6.94444e-02 3.62525e+04 3.63031e+04 -6.04885e-04
8.09545e+02 7.08333e-01 3.67754e+04 3.67347e+04 4.80851e-04
8.10287e+02 -5.13889e-01 3.71722e+04 3.71282e+04 5.14688e-04
8.11028e+02 -2.91667e-01 3.72540e+04 3.73463e+04 -1.07473e-03
8.11770e+02 7.08333e-01 3.71929e+04 3.72797e+04 -1.01310e-03
8.12512e+02 -1.18056e+00 3.72202e+04 3.72701e+04 -5.81384e-04
8.13253e+02 -9.58333e-01 3.74742e+04 3.74488e+04 2.94006e-04
8.13994e+02 -2.91667e-01 3.79145e+04 3.78821e+04 3.72112e-04
8.14736e+02 1.52778e-01 3.83133e+04 3.83597e+04 -5.25832e-04
8.15477e+02 1.52778e-01 3.85607e+04 3.86597e+04 -1.11451e-03
8.16218e+02 -5.13889e-01 3.86289e+04 3.86563e+04 -3.08125e-04
8.16959e+02 -1.18056e+00 3.85821e+04 3.86315e+04 -5.55880e-04
8.17700e+02 -6.94444e-02 3.86555e+04 3.87178e+04 -6.99437e-04
8.18441e+02 -4.02778e-01 3.90978e+04 3.91695e+04 -7.96254e-04
8.19181e+02 -7.36111e-01 3.95439e+04 3.95840e+04 -4.39988e-04
8.19922e+02 -1.62500e+00 3.99013e+04 3.98966e+04 5.10963e-05
8.20663e+02 -1.29167e+00 3.99548e+04 3.99272e+04 2.99915e-04
8.21403e+02 -4.02778e-01 3.97848e+04 3.97932e+04 -9.18665e-05
8.22144e+02 5.97222e-01 3.98542e+04 3.98468e+04 8.02232e-05
8.22884e+02 3.75000e-01 4.02725e+04 4.02485e+04 2.59193e-04
8.23624e+02 -6.25000e-01 4.07315e+04 4.07657e+04 -3.64435e-04
8.24364e+02 7.08333e-01 4.11190e+04 4.11495e+04 -3.22317e-04
8.25104e+02 -2.91667e-01 4.12482e+04 4.13065e+04 -6.13450e-04
8.25844e+02 1.48611e+00 4.10682e+04 4.11634e+04 -1.00555e-03
8.26584e+02 4.16667e-02 4.10591e+04 4.11531e+04 -9.92838e-04
8.27324e+02 1.15278e+00 4.14702e+04 4.14815e+04 -1.18384e-04
8.28064e+02 2.63889e-01 4.20248e+04 4.20897e+04 -6.70925e-04
8.28803e+02 -2.91667e-01 4.23788e+04 4.24808e+04 -1.04488e-03
8.29543e+02 -8.47222e-01 4.23632e+04 4.24747e+04 -1.14182e-03
8.30282e+02 -1.80556e-01 4.21884e+04 4.23240e+04 -1.39290e-03
8.31021e+02 -2.91667e-01 4.22398e+04 4.22877e+04 -4.92950e-04
8.31761e+02 -8.47222e-01 4.25800e+04 4.25663e+04 1.39696e-04
8.32500e+02 -1.80556e-01 4.31117e+04 4.31670e+04 -5.56773e-04
8.33239e+02 -8.47222e-01 4.36107e+04 4.37250e+04 -1.13679e-03
8.33978e+02 -1.80556e-01 4.38794e+04 4.39671e+04 -8.66533e-04
8.34717e+02 -1.51389e+00 4.37395e+04 4.38848e+04 -1.44031e-03
8.35456e+02 -8.47222e-01 4.35610e+04 4.36713e+04 -1.09831e-03
8.36194e+02 -5.13889e-01 4.35719e+04 4.35921e+04 -2.01235e-04
8.36933e+02 5.97222e-01 4.38674e+04 4.39594e+04 -9.09599e-04
8.37672e+02 -6.25000e-01 4.44227e+04 4.44765e+04 -5.26242e-04
8.38410e+02 1.63839e+04 6.13261e+04 6.13991e+04 -7.04588e-04
8.39148e+02 4.86111e-01 4.51890e+04 4.52411e+04 -5.00271e-04
8.39887e+02 1.52778e-01 4.50630e+04 4.51532e+04 -8.68383e-04
8.40625e+02 -7.36111e-01 4.47869e+04 4.48306e+04 -4.24026e-04
8.41363e+02 -1.40278e+00 4.49097e+04 4.49731e+04 -6.12813e-04
8.42101e+02 3.75000e-01 4.54568e+04 4.55293e+04 -6.92385e-04
8.42839e+02 -7.36111e-01 4.61194e+04 4.61870e+04 -6.35416e-04
8.43577e+02 1.26389e+00 4.65223e+04 4.65562e+04 -3.15993e-04
8.44315e+02 5.97222e-01 4.65232e+04 4.65275e+04 -4.01910e-05
8.45052e+02 8.19444e-01 4.62232e+04 4.62641e+04 -3.83752e-04
8.45790e+02 -1.51389e+00 4.60317e+04 4.60968e+04 -6.14634e-04
8.46527e+02 -6.94444e-02 4.62331e+04 4.63376e+04 -9.80781e-04
8.47265e+02 -7.36111e-01 4.67784e+04 4.68541e+04 -7.01659e-04
8.48002e+02 -2.91667e-01 4.74843e+04 4.74637e+04 1.88296e-04
8.48739e+02 -1.29167e+00 4.78151e+04 4.79916e+04 -1.60037e-03
8.49476e+02 4.16667e-02 4.77500e+04 4.78172e+04 -6.10716e-04
8.50213e+02 -2.91667e-01 4.73110e+04 4.74057e+04 -8.68889e-04
8.50950e+02 -8.47222e-01 4.71699e+04 4.72966e+04 -1.16541e-03
8.51687e+02 -1.06944e+00 4.75281e+04 4.76236e+04 -8.72002e-04
8.52424e+02 -6.25000e-01 4.80391e+04 4.81882e+04 -1.34567e-03
8.53161e+02 9.30556e-01 4.86699e+04 4.87554e+04 -7.62532e-04
8.53897e+02 -6.25000e-01 4.91377e+04 4.92436e+04 -9.35596e-04
8.54634e+02 -2.91667e-01 4.91090e+04 4.92186e+04 -9.68503e-04
8.55370e+02 -4.02778e-01 4.87302e+04 4.87730e+04 -3.80827e-04
8.56106e+02 -1.18056e+00 4.83867e+04 4.84776e+04 -8.15735e-04
8.56843e+02 -4.02778e-01 4.86220e+04 4.86944e+04 -6.46343e-04
8.57579e+02 4.86111e-01 4.92044e+04 4.92944e+04 -7.93407e-04
8.58315e+02 -1.18056e+00 4.97994e+04 4.98464e+04 -4.09436e-04
8.59051e+02 -9.58333e-01 5.03048e+04 5.03522e+04 -4.09160e-04
8.59787e+02 -2.91667e-01 5.03134e+04 5.03931e+04 -6.86878e-04
8.60523e+02 -6.25000e-01 4.99740e+04 5.00641e+04 -7.82147e-04
8.61258e+02 -7.36111e-01 4.96983e+04 4.96378e+04 5.28757e-04
8.61994e+02 -1.80556e-01 4.99180e+04 4.99174e+04 5.07510e-06
8.62729e+02 -1.80556e-01 5.03962e+04 5.05015e+04 -9.06531e-04
8.63465e+02 -1.51389e+00 5.08802e+04 5.10013e+04 -1.03226e-03
8.64200e+02 3.75000e-01 5.12270e+04 5.12960e+04 -5.84347e-04
8.64936e+02 2.63889e-01 5.10862e+04 5.11657e+04 -6.75560e-04
8.65671e+02 -6.94444e-02 5.05019e+04 5.05654e+04 -5.45968e-04
8.66406e+02 -1.29167e+00 5.02380e+04 5.03153e+04 -6.67756e-04
8.67141e+02 3.75000e-01 5.03110e+04 5.04012e+04 -7.77885e-04
8.67876e+02 -2.91667e-01 5.07239e+04 5.07308e+04 -5.96913e-05
8.68611e+02 4.86111e-01 5.11967e+04 5.12297e+04 -2.80554e-04
8.69345e+02 5.97222e-01 5.15895e+04 5.15451e+04 3.74545e-04
8.70080e+02 -6.94444e-02 5.15272e+04 5.15173e+04 8.35901e-05
8.70814e+02 4.86111e-01 5.09657e+04 5.10215e+04 -4.75754e-04
8.71549e+02 7.08333e-01 5.02639e+04 5.04023e+04 -1.19433e-03
8.72283e+02 -6.25000e-01 5.01305e+04 5.01636e+04 -2.86512e-04
8.73018e+02 7.08333e-01 5.02577e+04 5.03551e+04 -8.41010e-04
8.73752e+02 -6.94444e-02 5.04938e+04 5.05636e+04 -6.00456e-04
8.74486e+02 5.97222e-01 5.07550e+04 5.09125e+04 -1.34584e-03
8.75220e+02 -1.80556e-01 5.09384e+04 5.10606e+04 -1.04056e-03
8.75954e+02 1.52778e-01 5.07649e+04 5.08302e+04 -5.58333e-04
8.76688e+02 -6.94444e-02 5.03782e+04 5.04125e+04 -2.95636e-04
8.77421e+02 -4.02778e-01 5.01804e+04 5.02635e+04 -7.18457e-04
8.78155e+02 -2.91667e-01 5.05137e+04 5.06204e+04 -9.16817e-04
8.78889e+02 4.16667e-02 5.12000e+04 5.12585e+04 -4.96168e-04
8.79622e+02 -1.80556e-01 5.20604e+04 5.20206e+04 3.32189e-04
8.80355e+02 -1.06944e+00 5.28157e+04 5.28178e+04 -1.80438e-05
8.81089e+02 2.63889e-01 5.33219e+04 5.34293e+04 -8.74008e-04
8.81822e+02 1.04167e+00 5.34219e+04 5.34647e+04 -3.48308e-04
8.82555e+02 -9.58333e-01 5.34342e+04 5.35816e+04 -1.19648e-03
8.83288e+02 1.52778e-01 5.38744e+04 5.39755e+04 -8.14095e-04
8.84021e+02 4.16667e-02 5.46945e+04 5.47780e+04 -6.61854e-04
8.84754e+02 2.63889e-01 5.56020e+04 5.57110e+04 -8.50328e-04
8.85487e+02 4.86111e-01 5.65250e+04 5.66057e+04 -6.19983e-04
8.86219e+02 -5.13889e-01 5.72041e+04 5.72451e+04 -3.10948e-04
8.86952e+02 2.63889e-01 5.75894e+04 5.75620e+04 2.07224e-04
8.87684e+02 -9.58333e-01 5.74674e+04 5.75607e+04 -7.04548e-04
8.88417e+02 -6.25000e-01 5.74734e+04 5.75434e+04 -5.28413e-04
8.89149e+02 -5.13889e-01 5.77842e+04 5.78541e+04 -5.24740e-04
8.89881e+02 9.30556e-01 5.84443e+04 5.84756e+04 -2.32570e-04
8.90613e+02 -1.06944e+00 5.91550e+04 5.91624e+04 -5.44461e-05
8.91345e+02 -7.36111e-01 5.99903e+04 5.99717e+04 1.34552e-04
8.92077e+02 -7.36111e-01 6.06305e+04 6.06424e+04 -8.49514e-05
8.92809e+02 -2.91667e-01 6.08882e+04 6.09416e+04 -3.80834e-04
8.93541e+02 1.59722e+00 6.07100e+04 6.07411e+04 -2.22306e-04
8.94273e+02 -5.13889e-01 6.06302e+04 6.06726e+04 -3.03722e-04
8.95004e+02 2.63889e-01 6.07935e+04 6.08277e+04 -2.44209e-04
8.95736e+02 4.16667e-02 6.13340e+04 6.13325e+04 1.04247e-05
8.96467e+02 -1.29167e+00 6.20619e+04 6.20722e+04 -7.21084e-05
8.97199e+02 7.08333e-01 6.27888e+04 6.28868e+04 -6.77897e-04
8.97930e+02 -1.51389e+00 6.31203e+04 6.31468e+04 -1.82480e-04
8.98661e+02 3.75000e-01 6.29390e+04 6.29645e+04 -1.76113e-04
8.99392e+02 -7.36111e-01 6.28494e+04 6.29036e+04 -3.74322e-04
9.00123e+02 -6.25000e-01 6.30597e+04 6.30801e+04 -1.40586e-04
9.00854e+02 2.63889e-01 6.34771e+04 6.34431e+04 2.32873e-04
9.01584e+02 9.30556e-01 6.39651e+04 6.40920e+04 -8.60490e-04
9.02315e+02 -5.13889e-01 6.46819e+04 6.47535e+04 -4.80736e-04
9.03046e+02 -8.47222e-01 6.52245e+04 6.53568e+04 -8.80046e-04
9.03776e+02 1.52778e-01 6.55407e+04 6.55774e+04 -2.43450e-04
9.04507e+02 4.16667e-02 6.53812e+04 6.54482e+04 -4.44635e-04
9.05237e+02 -7.36111e-01 6.51571e+04 6.52083e+04 -3.41091e-04
9.05967e+02 -6.94444e-02 6.53315e+04 6.53438e+04 -8.17940e-05
9.06697e+02 4.86111e-01 6.58001e+04 6.57960e+04 2.73186e-05
9.07427e+02 1.52778e-01 6.63202e+04 6.64118e+04 -5.99680e-04
9.08157e+02 -9.58333e-01 6.69618e+04 6.70416e+04 -5.17640e-04
9.08887e+02 -9.58333e-01 6.77672e+04 6.77147e+04 3.36400e-04
9.09617e+02 5.97222e-01 6.81883e+04 6.82545e+04 -4.21395e-04
9.10347e+02 -6.94444e-02 6.83172e+04 6.83410e+04 -1.50953e-04
9.11076e+02 3.75000e-01 6.81197e+04 6.81927e+04 -4.65693e-04
9.11806e+02 4.16667e-02 6.82008e+04 6.82774e+04 -4.87754e-04
9.12535e+02 -1.80556e-01 6.84601e+04 6.86091e+04 -9.44015e-04
9.13264e+02 -1.06944e+00 6.89842e+04 6.90851e+04 -6.34504e-04
9.13994e+02 1.52778e-01 6.95450e+04 6.96557e+04 -6.91063e-04
9.14723e+02 4.16667e-02 7.03377e+04 7.04831e+04 -8.96938e-04
9.15452e+02 -6.94444e-02 7.09263e+04 7.11051e+04 -1.09314e-03
9.16181e+02 4.16667e-02 7.10882e+04 7.12311e+04 -8.71897e-04
9.16910e+02 -4.02778e-01 7.09067e+04 7.10296e+04 -7.52533e-04
9.17638e+02 7.08333e-01 7.07694e+04 7.08651e+04 -5.86522e-04
9.18367e+02 8.19444e-01 7.09988e+04 7.11214e+04 -7.49535e-04
9.19096e+02 -6.94444e-02 7.13590e+04 7.13794e+04 -1.24239e-04
9.19824e+02 -1.18056e+00 7.17777e+04 7.18176e+04 -2.41783e-04
9.20553e+02 -2.91667e-01 7.23860e+04 7.24157e+04 -1.78454e-04
9.21281e+02 4.16667e-02 7.30202e+04 7.30244e+04 -2.49461e-05
9.22009e+02 3.75000e-01 7.33441e+04 7.32715e+04 4.30005e-04
9.22737e+02 -1.80556e-01 7.31890e+04 7.32296e+04 -2.41079e-04
9.23465e+02 1.52778e-01 7.28633e+04 7.28115e+04 3.08892e-04
9.24193e+02 9.30556e-01 7.25475e+04 7.26147e+04 -4.02068e-04
9.24921e+02 -6.94444e-02 7.25278e+04 7.25024e+04 1.51888e-04
9.25649e+02 4.86111e-01 7.24160e+04 7.24505e+04 -2.07023e-04
9.26377e+02 1.26389e+00 7.24097e+04 7.25382e+04 -7.70207e-04
9.27104e+02 -6.94444e-02 7.26869e+04 7.27257e+04 -2.32128e-04
9.27832e+02 2.63889e-01 7.27973e+04 7.29450e+04 -8.79896e-04
9.28559e+02 -1.51389e+00 7.24522e+04 7.25702e+04 -7.06562e-04
9.29286e+02 -1.80556e-01 7.16828e+04 7.17732e+04 -5.47448e-04
9.30014e+02 -1.06944e+00 7.07393e+04 7.08915e+04 -9.33359e-04
9.30741e+02 -2.91667e-01 7.00083e+04 7.01496e+04 -8.75698e-04
9.31468e+02 -6.94444e-02 6.93463e+04 6.93495e+04 -2.00053e-05
9.32195e+02 -7.36111e-01 6.85214e+04 6.85043e+04 1.08640e-04
9.32922e+02 -1.29167e+00 6.75401e+04 6.75666e+04 -1.70541e-04
9.33648e+02 -4.02778e-01 6.59567e+04 6.60404e+04 -5.51102e-04
9.34375e+02 -7.36111e-01 6.36253e+04 6.36468e+04 -1.46918e-04
9.35102e+02 -1.06944e+00 6.05174e+04 6.05837e+04 -4.75563e-04
9.35828e+02 -7.36111e-01 5.69835e+04 5.70408e+04 -4.36524e-04
9.36554e+02 -4.02778e-01 5.31735e+04 5.33172e+04 -1.17158e-03
9.37281e+02 -9.58333e-01 4.95691e+04 4.96195e+04 -4.41487e-04
9.38007e+02 7.08333e-01 4.61084e+04 4.61845e+04 -7.16048e-04
9.38733e+02 3.75000e-01 4.30925e+04 4.31954e+04 -1.03543e-03
9.39459e+02 -1.06944e+00 4.07077e+04 4.07926e+04 -9.05568e-04
9.40185e+02 -6.25000e-01 3.89041e+04 3.88433e+04 6.79305e-04
9.40911e+02 -2.91667e-01 3.74354e+04 3.74914e+04 -6.48853e-04
9.41637e+02 -1.80556e-01 3.63684e+04 3.63530e+04 1.84800e-04
9.42362e+02 -6.94444e-02 3.55257e+04 3.55562e+04 -3.73035e-04
9.43088e+02 8.19444e-01 3.52381e+04 3.52832e+04 -5.55291e-04
9.43813e+02 -6.25000e-01 3.54487e+04 3.55302e+04 -9.97662e-04
9.44539e+02 4.86111e-01 3.61568e+04 3.61857e+04 -3.47863e-04
9.45264e+02 2.63889e-01 3.71150e+04 3.72036e+04 -1.03596e-03
9.45989e+02 -2.91667e-01 3.84559e+04 3.85087e+04 -5.96563e-04
9.46714e+02 4.86111e-01 3.99863e+04 4.00177e+04 -3.41089e-04
9.47439e+02 -2.91667e-01 4.15821e+04 4.16884e+04 -1.10886e-03
9.48164e+02 -6.25000e-01 4.32528e+04 4.32740e+04 -2.12755e-04
9.48889e+02 4.86111e-01 4.48440e+04 4.49440e+04 -9.67120e-04
9.49614e+02 1.48611e+00 4.67945e+04 4.68301e+04 -3.29614e-04
9.50338e+02 -1.18056e+00 4.89010e+04 4.89964e+04 -8.46559e-04
9.51063e+02 -1.80556e-01 5.10724e+04 5.11825e+04 -9.35083e-04
9.51787e+02 5.97222e-01 5.33935e+04 5.34807e+04 -7.08655e-04
9.52512e+02 -1.06944e+00 5.58533e+04 5.59587e+04 -8.18892e-04
9.53236e+02 -5.13889e-01 5.83545e+04 5.84616e+04 -7.96214e-04
9.53960e+02 -6.25000e-01 6.07378e+04 6.09446e+04 -1.47659e-03
9.54684e+02 1.52778e-01 6.29913e+04 6.30446e+04 -3.67361e-04
9.55408e+02 -1.84722e+00 6.50382e+04 6.50914e+04 -3.55052e-04
9.56132e+02 -6.25000e-01 6.70104e+04 6.71230e+04 -7.28674e-04
9.56856e+02 3.75000e-01 6.89712e+04 6.91096e+04 -8.70707e-04
9.57580e+02 -7.36111e-01 7.11728e+04 7.12312e+04 -3.56307e-04
9.58303e+02 -8.47222e-01 7.32031e+04 7.32874e+04 -4.99869e-04
9.59027e+02 4.16667e-02 7.53829e+04 7.54844e+04 -5.84527e-04
9.59750e+02 -6.94444e-02 7.75221e+04 7.76850e+04 -9.11423e-04
9.60474e+02 -5.13889e-01 7.95660e+04 7.96636e+04 -5.32612e-04
9.61197e+02 -2.91667e-01 8.11232e+04 8.11668e+04 -2.33558e-04
9.61920e+02 -7.36111e-01 8.24434e+04 8.25551e+04 -5.87687e-04
9.62643e+02 4.16667e-02 8.39939e+04 8.41002e+04 -5.49311e-04
9.63366e+02 -9.58333e-01 8.55224e+04 8.56912e+04 -8.56081e-04
9.64089e+02 1.52778e-01 8.71472e+04 8.72542e+04 -5.32766e-04
9.64812e+02 -9.58333e-01 8.87572e+04 8.88585e+04 -4.95406e-04
9.65534e+02 -7.36111e-01 9.05041e+04 9.05767e+04 -3.48424e-04
9.66257e+02 -8.47222e-01 9.20730e+04 9.21021e+04 -1.37159e-04
9.66979e+02 2.63889e-01 9.31822e+04 9.33208e+04 -6.45676e-04
9.67702e+02 4.86111e-01 9.41003e+04 9.41471e+04 -2.15709e-04
9.68424e+02 4.16667e-02 9.49473e+04 9.50517e+04 -4.77346e-04
9.69146e+02 4.16667e-02 9.59991e+04 9.60990e+04 -4.51531e-04
9.69869e+02 7.08333e-01 9.70969e+04 9.71051e+04 -3.66508e-05
9.70591e+02 -5.13889e-01 9.80750e+04 9.80928e+04 -7.90847e-05
9.71313e+02 -9.58333e-01 9.92688e+04 9.92441e+04 1.08049e-04
9.72034e+02 -6.25000e-01 1.00415e+05 1.00463e+05 -2.05987e-04
9.72756e+02 -1.80556e-01 1.00660e+05 1.00829e+05 -7.28411e-04
9.73478e+02 4.86111e-01 1.00836e+05 1.00983e+05 -6.31588e-04
9.74199e+02 -5.13889e-01 1.01335e+05 1.01529e+05 -8.30987e-04
9.74921e+02 -1.80556e-01 1.01702e+05 1.01731e+05 -1.23701e-04
9.75642e+02 -1.51389e+00 1.01922e+05 1.02093e+05 -7.26952e-04
9.76364e+02 3.75000e-01 1.02471e+05 1.02644e+05 -7.31066e-04
9.77085e+02 -6.25000e-01 1.02899e+05 1.03086e+05 -7.87946e-04
9.77806e+02 -7.36111e-01 1.03055e+05 1.03281e+05 -9.51243e-04
9.78527e+02 1.52778e-01 1.03117e+05 1.03197e+05 -3.36686e-04
9.79248e+02 -4.02778e-01 1.03164e+05 1.03302e+05 -5.79035e-04
9.79969e+02 -6.94444e-02 1.03240e+05 1.03448e+05 -8.72583e-04
9.80689e+02 -2.91667e-01 1.02968e+05 1.03052e+05 -3.52623e-04
9.81410e+02 1.52778e-01 1.02467e+05 1.02636e+05 -7.12286e-04
9.82131e+02 -4.02778e-01 1.02425e+05 1.02646e+05 -9.33114e-04
9.82851e+02 3.75000e-01 1.02369e+05 1.02453e+05 -3.56104e-04
9.83571e+02 -6.25000e-01 1.01731e+05 1.01866e+05 -5.79136e-04
9.84292e+02 -6.94444e-02 1.01183e+05 1.01205e+05 -9.33444e-05
9.85012e+02 -4.02778e-01 1.00530e+05 1.00638e+05 -4.63314e-04
9.85732e+02 3.75000e-01 9.97194e+04 9.98826e+04 -7.10160e-04
9.86452e+02 1.15278e+00 9.87240e+04 9.88961e+04 -7.56358e-04
9.87172e+02 -1.06944e+00 9.78732e+04 9.80170e+04 -6.37389e-04
9.87892e+02 -5.13889e-01 9.72157e+04 9.73167e+04 -4.51336e-04
9.88611e+02 -1.40278e+00 9.63461e+04 9.65587e+04 -9.57432e-04
9.89331e+02 -9.58333e-01 9.52723e+04 9.53256e+04 -2.42921e-04
9.90050e+02 -1.18056e+00 9.39591e+04 9.40750e+04 -5.35193e-04
9.90770e+02 -1.29167e+00 9.24922e+04 9.26183e+04 -5.91609e-04
9.91489e+02 -1.62500e+00 2.66528e+01 2.56250e+01 1.60788e-02
9.92208e+02 -1.18056e+00 2.65278e+00 2.95833e+00 -3.33072e-02
9.92928e+02 -2.18056e+00 -2.36111e-01 -1.48611e+00 4.47158e-01
9.93647e+02 -1.84722e+00 2.54167e+00 3.40278e+00 -7.78047e-02
