Wavelength Dark Reference Sample Absorbance
1.97742e+02 1.43472e+01 5.20833e+00 3.61111e+00 -6.99536e-02
1.98544e+02 1.38889e-02 -9.45833e+00 -9.16667e+00 1.35829e-02
1.99347e+02 -2.20833e+00 -1.16806e+01 -1.26111e+01 -4.06974e-02
2.00149e+02 -2.87500e+00 -1.39028e+01 -1.30556e+01 3.47165e-02
2.00951e+02 -3.09722e+00 7.34097e+02 3.87722e+02 2.75606e-01
2.01753e+02 -3.54167e+00 7.63097e+02 3.94500e+02 2.84662e-01
2.02554e+02 -3.20833e+00 7.88208e+02 4.01944e+02 2.90786e-01
2.03356e+02 -1.43056e+00 8.11097e+02 4.17056e+02 2.88157e-01
2.04158e+02 -8.75000e-01 8.35542e+02 4.13278e+02 3.05262e-01
2.04960e+02 1.38889e-02 8.72764e+02 4.22944e+02 3.14621e-01
2.05761e+02 -7.63889e-01 8.91875e+02 4.33389e+02 3.13033e-01
2.06563e+02 -1.09722e+00 9.26875e+02 4.35500e+02 3.27454e-01
2.07364e+02 -2.20833e+00 9.61097e+02 4.39722e+02 3.38410e-01
2.08166e+02 -1.09722e+00 9.96764e+02 4.49722e+02 3.45067e-01
2.08967e+02 -1.43056e+00 1.02588e+03 4.53389e+02 3.53861e-01
2.09768e+02 -2.54167e+00 1.05888e+03 4.58389e+02 3.62250e-01
2.10569e+02 -7.63889e-01 1.09165e+03 4.63944e+02 3.71208e-01
2.11370e+02 -1.20833e+00 1.13265e+03 4.68500e+02 3.82732e-01
2.12172e+02 -6.52778e-01 1.17021e+03 4.78722e+02 3.87830e-01
2.12973e+02 -9.72222e-02 1.21832e+03 4.83500e+02 4.01312e-01
2.13773e+02 -2.08333e-01 1.27410e+03 4.90500e+02 4.14450e-01
2.14574e+02 -4.30556e-01 1.34254e+03 4.97833e+02 4.30608e-01
2.15375e+02 -9.86111e-01 1.44699e+03 4.98722e+02 4.62044e-01
2.16176e+02 -9.86111e-01 1.61410e+03 5.10944e+02 4.98984e-01
2.16977e+02 -3.19444e-01 1.85276e+03 5.15500e+02 5.55397e-01
2.17777e+02 -9.72222e-02 2.22354e+03 5.24722e+02 6.27054e-01
2.18578e+02 -2.08333e-01 2.74054e+03 5.45500e+02 7.00909e-01
2.19378e+02 -1.43056e+00 3.38754e+03 5.58389e+02 7.82020e-01
2.20179e+02 4.58333e-01 4.10265e+03 5.74944e+02 8.53737e-01
2.20979e+02 -7.63889e-01 4.94021e+03 5.97167e+02 9.17162e-01
2.21779e+02 -2.08333e-01 5.91521e+03 6.25944e+02 9.75305e-01
2.22579e+02 -1.09722e+00 6.98188e+03 6.69833e+02 1.01736e+00
2.23380e+02 -7.63889e-01 8.02954e+03 7.16278e+02 1.04919e+00
2.24180e+02 2.36111e-01 9.13754e+03 7.91278e+02 1.06262e+00
2.24980e+02 -1.65278e+00 1.03031e+04 8.63944e+02 1.07572e+00
2.25780e+02 -6.52778e-01 1.16237e+04 9.53500e+02 1.08575e+00
2.26579e+02 -9.86111e-01 1.28747e+04 1.05428e+03 1.08641e+00
2.27379e+02 -3.19444e-01 1.39785e+04 1.18006e+03 1.07345e+00
2.28179e+02 1.38889e-02 1.49643e+04 1.29017e+03 1.06442e+00
2.28979e+02 -2.08333e-01 1.58071e+04 1.38872e+03 1.05618e+00
2.29778e+02 -3.19444e-01 1.66863e+04 1.48728e+03 1.04988e+00
2.30578e+02 3.47222e-01 1.75132e+04 1.56250e+03 1.04963e+00
2.31377e+02 -1.87500e+00 1.82972e+04 1.59006e+03 1.06051e+00
2.32177e+02 -3.19444e-01 1.89821e+04 1.59361e+03 1.07588e+00
2.32976e+02 -5.41667e-01 1.96952e+04 1.57572e+03 1.09674e+00
2.33775e+02 -2.08333e-01 2.03512e+04 1.53039e+03 1.12373e+00
2.34575e+02 -2.08333e-01 2.09012e+04 1.46950e+03 1.15294e+00
2.35374e+02 -9.72222e-02 2.13319e+04 1.37706e+03 1.19005e+00
2.36173e+02 2.36111e-01 2.15365e+04 1.29750e+03 1.22014e+00
2.36972e+02 -8.75000e-01 2.15421e+04 1.20294e+03 1.25274e+00
2.37771e+02 -5.41667e-01 2.13400e+04 1.11683e+03 1.28101e+00
2.38570e+02 -4.30556e-01 2.10200e+04 1.05539e+03 1.29905e+00
2.39368e+02 -7.63889e-01 2.05923e+04 1.01772e+03 1.30577e+00
2.40167e+02 -4.30556e-01 2.01647e+04 9.88278e+02 1.30953e+00
2.40966e+02 -9.72222e-02 2.00323e+04 9.66500e+02 1.31649e+00
2.41764e+02 4.58333e-01 2.03015e+04 9.76944e+02 1.31785e+00
2.42563e+02 -8.75000e-01 2.08491e+04 9.79833e+02 1.32757e+00
2.43361e+02 -9.86111e-01 2.12930e+04 1.00550e+03 1.32545e+00
2.44160e+02 -6.52778e-01 2.14354e+04 1.01661e+03 1.32371e+00
2.44958e+02 -9.72222e-02 2.09772e+04 1.03917e+03 1.30502e+00
2.45756e+02 -5.41667e-01 2.00065e+04 1.04817e+03 1.28053e+00
2.46555e+02 6.80556e-01 1.85318e+04 1.06328e+03 1.24153e+00
2.47353e+02 -4.30556e-01 1.69869e+04 1.07806e+03 1.19731e+00
2.48151e+02 -4.30556e-01 1.56009e+04 1.10306e+03 1.15039e+00
2.48949e+02 -1.65278e+00 1.48357e+04 1.11972e+03 1.12160e+00
2.49747e+02 -1.98611e+00 1.50580e+04 1.13906e+03 1.12052e+00
2.50545e+02 -7.63889e-01 1.63195e+04 1.17583e+03 1.14210e+00
2.51342e+02 -9.72222e-02 1.81650e+04 1.19783e+03 1.18081e+00
2.52140e+02 -5.41667e-01 2.00492e+04 1.22328e+03 1.21439e+00
2.52938e+02 -7.63889e-01 2.16671e+04 1.24861e+03 1.23912e+00
2.53735e+02 1.38889e-02 2.31224e+04 1.28228e+03 1.25606e+00
2.54533e+02 1.38889e-02 2.45389e+04 1.30950e+03 1.27275e+00
2.55330e+02 -1.20833e+00 2.59208e+04 1.38428e+03 1.27207e+00
2.56128e+02 -4.30556e-01 2.72235e+04 1.48928e+03 1.26185e+00
2.56925e+02 1.01389e+00 2.83017e+04 1.68850e+03 1.22456e+00
2.57722e+02 -4.30556e-01 2.91489e+04 2.05861e+03 1.15096e+00
2.58520e+02 -7.63889e-01 2.98187e+04 2.73683e+03 1.03713e+00
2.59317e+02 -5.41667e-01 3.03941e+04 3.82872e+03 8.99682e-01
2.60114e+02 -2.43056e+00 3.07400e+04 5.44383e+03 7.51639e-01
2.60911e+02 1.38889e-02 3.08827e+04 7.62094e+03 6.07706e-01
2.61708e+02 -6.52778e-01 3.09837e+04 1.02166e+04 4.81807e-01
2.62505e+02 -3.19444e-01 3.10862e+04 1.30373e+04 3.77375e-01
2.63301e+02 -9.72222e-02 3.11188e+04 1.58377e+04 2.93328e-01
2.64098e+02 6.80556e-01 3.10808e+04 1.82767e+04 2.30600e-01
2.64895e+02 -3.19444e-01 3.09221e+04 2.02219e+04 1.84444e-01
2.65691e+02 -5.41667e-01 3.07112e+04 2.17283e+04 1.50268e-01
2.66488e+02 3.47222e-01 3.05792e+04 2.27686e+04 1.28091e-01
2.67284e+02 -9.86111e-01 3.04774e+04 2.35116e+04 1.12692e-01
2.68081e+02 7.91667e-01 3.05445e+04 2.40736e+04 1.03395e-01
2.68877e+02 3.47222e-01 3.05058e+04 2.43642e+04 9.76316e-02
2.69673e+02 -1.09722e+00 3.04058e+04 2.44801e+04 9.41397e-02
2.70469e+02 -6.52778e-01 3.01874e+04 2.43348e+04 9.35955e-02
2.71265e+02 2.36111e-01 2.97249e+04 2.39537e+04 9.37479e-02
2.72062e+02 -2.08333e-01 2.89314e+04 2.32873e+04 9.42504e-02
2.72857e+02 1.25000e-01 2.78860e+04 2.23266e+04 9.65637e-02
2.73653e+02 -3.19444e-01 2.65641e+04 2.11413e+04 9.91625e-02
2.74449e+02 6.80556e-01 2.48309e+04 1.96391e+04 1.01875e-01
2.75245e+02 -7.63889e-01 2.30371e+04 1.80687e+04 1.05496e-01
2.76041e+02 -2.09722e+00 2.13639e+04 1.66406e+04 1.08499e-01
2.76836e+02 -3.19444e-01 2.01840e+04 1.55806e+04 1.12420e-01
2.77632e+02 -1.09722e+00 1.98473e+04 1.51376e+04 1.17637e-01
2.78427e+02 -2.08333e-01 2.02155e+04 1.52968e+04 1.21082e-01
2.79223e+02 -1.09722e+00 2.10310e+04 1.57848e+04 1.24612e-01
2.80018e+02 5.69444e-01 2.16790e+04 1.60788e+04 1.29788e-01
2.80813e+02 -4.30556e-01 2.15740e+04 1.58066e+04 1.35088e-01
2.81609e+02 -1.20833e+00 2.07170e+04 1.49786e+04 1.40845e-01
2.82404e+02 -8.75000e-01 1.95423e+04 1.39776e+04 1.45535e-01
2.83199e+02 -6.52778e-01 1.95390e+04 1.37363e+04 1.53027e-01
2.83994e+02 2.36111e-01 2.20027e+04 1.53256e+04 1.57059e-01
2.84789e+02 1.01389e+00 2.56504e+04 1.76516e+04 1.62318e-01
2.85584e+02 -7.63889e-01 2.82223e+04 1.91642e+04 1.68097e-01
2.86379e+02 4.58333e-01 2.94454e+04 1.97223e+04 1.74064e-01
2.87173e+02 -9.86111e-01 2.99053e+04 1.98036e+04 1.78997e-01
2.87968e+02 -4.30556e-01 3.01450e+04 1.96267e+04 1.86364e-01
2.88763e+02 -4.30556e-01 3.01733e+04 1.93121e+04 1.93791e-01
2.89557e+02 -2.08333e-01 3.00425e+04 1.89125e+04 2.00986e-01
2.90352e+02 -5.41667e-01 2.99112e+04 1.84816e+04 2.09089e-01
2.91146e+02 -6.52778e-01 2.99693e+04 1.81922e+04 2.16786e-01
2.91940e+02 -3.19444e-01 3.00981e+04 1.78981e+04 2.25730e-01
2.92735e+02 -5.41667e-01 3.03525e+04 1.77267e+04 2.33561e-01
2.93529e+02 -2.08333e-01 3.06310e+04 1.75196e+04 2.42634e-01
2.94323e+02 2.36111e-01 3.07787e+04 1.72467e+04 2.51546e-01
2.95117e+02 -2.08333e-01 3.07983e+04 1.69136e+04 2.60288e-01
2.95911e+02 6.80556e-01 3.05310e+04 1.64041e+04 2.69798e-01
2.96705e+02 -4.30556e-01 3.00015e+04 1.57715e+04 2.79265e-01
2.97499e+02 -2.08333e-01 2.93049e+04 1.50386e+04 2.89729e-01
2.98293e+02 -1.43056e+00 2.83781e+04 1.42302e+04 2.99752e-01
2.99086e+02 -1.43056e+00 2.73167e+04 1.33784e+04 3.10000e-01
2.99880e+02 -1.54167e+00 2.61547e+04 1.25055e+04 3.20420e-01
3.00673e+02 2.36111e-01 2.49352e+04 1.16522e+04 3.30411e-01
3.01467e+02 -9.72222e-02 2.36119e+04 1.08138e+04 3.39149e-01
3.02260e+02 -5.41667e-01 2.24385e+04 9.99883e+03 3.51032e-01
3.03054e+02 -4.30556e-01 2.14968e+04 9.39506e+03 3.59463e-01
3.03847e+02 1.25000e-01 2.11155e+04 8.99528e+03 3.70591e-01
3.04640e+02 -7.63889e-01 2.12141e+04 8.84717e+03 3.79798e-01
3.05433e+02 -6.52778e-01 2.18351e+04 8.92417e+03 3.88569e-01
3.06227e+02 -3.19444e-01 2.27225e+04 9.08717e+03 3.98019e-01
3.07020e+02 2.36111e-01 2.32772e+04 9.12717e+03 4.06602e-01
3.07813e+02 -3.19444e-01 2.33833e+04 8.98706e+03 4.15279e-01
3.08605e+02 -2.08333e-01 2.28063e+04 8.60594e+03 4.23250e-01
3.09398e+02 1.25000e-01 2.16343e+04 7.99161e+03 4.32513e-01
3.10191e+02 -7.63889e-01 2.05363e+04 7.44139e+03 4.40840e-01
3.10984e+02 -9.72222e-02 2.04233e+04 7.27128e+03 4.48512e-01
3.11776e+02 -1.76389e+00 2.15168e+04 7.53817e+03 4.55445e-01
3.12569e+02 5.69444e-01 2.30854e+04 7.97528e+03 4.61612e-01
3.13361e+02 -1.43056e+00 2.42843e+04 8.26694e+03 4.67931e-01
3.14154e+02 1.38889e-02 2.49205e+04 8.41106e+03 4.71707e-01
3.14946e+02 4.58333e-01 2.51144e+04 8.39972e+03 4.75674e-01
3.15738e+02 2.36111e-01 2.49947e+04 8.34628e+03 4.76362e-01
3.16530e+02 -4.30556e-01 2.46681e+04 8.19794e+03 4.78415e-01
3.17323e+02 -7.63889e-01 2.41454e+04 8.05006e+03 4.77009e-01
3.18115e+02 -1.54167e+00 2.34612e+04 7.83572e+03 4.76214e-01
3.18907e+02 -6.52778e-01 2.28241e+04 7.65572e+03 4.74383e-01
3.19698e+02 -1.54167e+00 2.21539e+04 7.47072e+03 4.72028e-01
3.20490e+02 -1.31944e+00 2.15594e+04 7.31317e+03 4.69480e-01
3.21282e+02 -3.19444e-01 2.10439e+04 7.18083e+03 4.66938e-01
3.22074e+02 -5.41667e-01 2.06930e+04 7.11817e+03 4.63433e-01
3.22865e+02 1.38889e-02 2.04687e+04 7.09128e+03 4.60365e-01
3.23657e+02 1.23611e+00 2.03505e+04 7.09050e+03 4.57948e-01
3.24448e+02 2.36111e-01 2.04330e+04 7.14594e+03 4.56282e-01
3.25240e+02 1.38889e-02 2.05972e+04 7.17994e+03 4.57688e-01
3.26031e+02 -8.75000e-01 2.06930e+04 7.22194e+03 4.57135e-01
3.26823e+02 -6.52778e-01 2.07014e+04 7.19806e+03 4.58759e-01
3.27614e+02 -1.20833e+00 2.05808e+04 7.11183e+03 4.61432e-01
3.28405e+02 -3.19444e-01 2.05047e+04 7.03861e+03 4.64353e-01
3.29196e+02 -3.19444e-01 2.05700e+04 6.95506e+03 4.70920e-01
3.29987e+02 -7.63889e-01 2.07365e+04 6.95228e+03 4.74577e-01
3.30778e+02 -5.41667e-01 2.11517e+04 6.99439e+03 4.80572e-01
3.31569e+02 4.58333e-01 2.16635e+04 7.03017e+03 4.88783e-01
3.32360e+02 -9.86111e-01 2.19644e+04 7.02028e+03 4.95324e-01
3.33150e+02 -7.63889e-01 2.20622e+04 6.92383e+03 5.03270e-01
3.33941e+02 -9.72222e-02 2.20098e+04 6.81339e+03 5.09248e-01
3.34731e+02 -7.63889e-01 2.18483e+04 6.64417e+03 5.16943e-01
3.35522e+02 -5.41667e-01 2.17867e+04 6.49639e+03 5.25493e-01
3.36312e+02 1.01389e+00 2.19327e+04 6.44350e+03 5.32018e-01
3.37103e+02 -6.52778e-01 2.22780e+04 6.41272e+03 5.40802e-01
3.37893e+02 -5.41667e-01 2.25469e+04 6.37672e+03 5.48462e-01
3.38683e+02 -8.75000e-01 2.26145e+04 6.31094e+03 5.54250e-01
3.39473e+02 -9.72222e-02 2.24439e+04 6.17850e+03 5.60210e-01
3.40264e+02 -9.72222e-02 2.22050e+04 6.02950e+03 5.66164e-01
3.41054e+02 -1.43056e+00 2.19730e+04 5.88906e+03 5.71766e-01
3.41844e+02 -9.86111e-01 2.14948e+04 5.73650e+03 5.73631e-01
3.42633e+02 -9.72222e-02 2.09577e+04 5.52706e+03 5.78843e-01
3.43423e+02 3.47222e-01 2.04343e+04 5.37250e+03 5.80204e-01
3.44213e+02 -9.72222e-02 1.99084e+04 5.19183e+03 5.83710e-01
3.45003e+02 -5.41667e-01 1.94203e+04 5.06994e+03 5.83219e-01
3.45792e+02 -1.43056e+00 1.90609e+04 4.99372e+03 5.81627e-01
3.46582e+02 1.12500e+00 1.88252e+04 4.91917e+03 5.82922e-01
3.47371e+02 -1.09722e+00 1.86843e+04 4.88972e+03 5.82121e-01
3.48161e+02 -9.72222e-02 1.85331e+04 4.87417e+03 5.80041e-01
3.48950e+02 7.91667e-01 1.83870e+04 4.85794e+03 5.78110e-01
3.49739e+02 -1.20833e+00 1.82447e+04 4.87017e+03 5.73513e-01
3.50528e+02 -9.72222e-02 1.80808e+04 4.86128e+03 5.70460e-01
3.51317e+02 -3.19444e-01 1.77995e+04 4.85761e+03 5.63965e-01
3.52106e+02 -1.65278e+00 1.74685e+04 4.84661e+03 5.56711e-01
3.52895e+02 3.47222e-01 1.70888e+04 4.82161e+03 5.49541e-01
3.53684e+02 6.80556e-01 1.67084e+04 4.82172e+03 5.39777e-01
3.54473e+02 -3.19444e-01 1.64491e+04 4.80517e+03 5.34413e-01
3.55262e+02 -5.41667e-01 1.63258e+04 4.88061e+03 5.24366e-01
3.56051e+02 4.58333e-01 1.63789e+04 4.99994e+03 5.15347e-01
3.56839e+02 -3.19444e-01 1.65560e+04 5.16061e+03 5.06235e-01
3.57628e+02 1.23611e+00 1.67441e+04 5.37739e+03 4.93358e-01
3.58416e+02 -4.30556e-01 1.69154e+04 5.58061e+03 4.81579e-01
3.59205e+02 6.80556e-01 1.69349e+04 5.70983e+03 4.72193e-01
3.59993e+02 4.58333e-01 1.67469e+04 5.83194e+03 4.58143e-01
3.60781e+02 7.91667e-01 1.64194e+04 5.89361e+03 4.45014e-01
3.61569e+02 -9.72222e-02 1.61540e+04 5.99806e+03 4.30265e-01
3.62357e+02 7.91667e-01 1.59920e+04 6.15206e+03 4.14917e-01
3.63145e+02 -1.31944e+00 1.61483e+04 6.42994e+03 3.99866e-01
3.63933e+02 1.38889e-02 1.64528e+04 6.77528e+03 3.85312e-01
3.64721e+02 -6.52778e-01 1.68362e+04 7.16994e+03 3.70706e-01
3.65509e+02 -1.65278e+00 1.71805e+04 7.55028e+03 3.57021e-01
3.66297e+02 -3.19444e-01 1.74051e+04 7.95472e+03 3.40042e-01
3.67085e+02 -5.41667e-01 1.74824e+04 8.23872e+03 3.26727e-01
3.67872e+02 -1.09722e+00 1.72705e+04 8.47228e+03 3.09277e-01
3.68660e+02 -7.63889e-01 1.67993e+04 8.54006e+03 2.93812e-01
3.69447e+02 -9.72222e-02 1.64053e+04 8.63428e+03 2.78756e-01
3.70235e+02 4.58333e-01 1.59857e+04 8.72128e+03 2.63161e-01
3.71022e+02 -2.08333e-01 1.57720e+04 8.91550e+03 2.47736e-01
3.71809e+02 -9.86111e-01 1.58471e+04 9.25317e+03 2.33640e-01
3.72596e+02 -8.75000e-01 1.59977e+04 9.65872e+03 2.19121e-01
3.73383e+02 3.47222e-01 1.62808e+04 1.01302e+04 2.06064e-01
3.74170e+02 -4.30556e-01 1.65537e+04 1.06252e+04 1.92552e-01
3.74957e+02 -2.08333e-01 1.67040e+04 1.10147e+04 1.80844e-01
3.75744e+02 2.36111e-01 1.66490e+04 1.12542e+04 1.70077e-01
3.76531e+02 -9.72222e-02 1.63531e+04 1.13734e+04 1.57709e-01
3.77318e+02 1.23611e+00 1.64171e+04 1.17084e+04 1.46812e-01
3.78105e+02 4.58333e-01 1.70280e+04 1.24468e+04 1.36109e-01
3.78891e+02 -1.20833e+00 1.80147e+04 1.34926e+04 1.25520e-01
3.79678e+02 -1.20833e+00 1.89955e+04 1.44937e+04 1.17463e-01
3.80464e+02 -9.72222e-02 1.92662e+04 1.49694e+04 1.09592e-01
3.81251e+02 1.25000e-01 1.95179e+04 1.54714e+04 1.00904e-01
3.82037e+02 -8.75000e-01 1.95954e+04 1.58154e+04 9.30703e-02
3.82823e+02 -1.43056e+00 1.97907e+04 1.61926e+04 8.71363e-02
3.83609e+02 -6.52778e-01 1.95672e+04 1.63162e+04 7.89078e-02
3.84395e+02 6.80556e-01 1.92960e+04 1.62844e+04 7.36983e-02
3.85181e+02 -9.72222e-02 1.89878e+04 1.62495e+04 6.76334e-02
3.85967e+02 -2.08333e-01 1.86249e+04 1.61573e+04 6.17244e-02
3.86753e+02 -1.09722e+00 1.85361e+04 1.62535e+04 5.70678e-02
3.87539e+02 -6.52778e-01 1.86901e+04 1.65822e+04 5.19684e-02
3.88325e+02 1.56944e+00 1.87784e+04 1.68217e+04 4.77931e-02
3.89110e+02 -5.41667e-01 1.86028e+04 1.68436e+04 4.31409e-02
3.89896e+02 -2.08333e-01 1.81444e+04 1.65393e+04 4.02263e-02
3.90682e+02 1.25000e-01 1.82344e+04 1.68161e+04 3.51683e-02
3.91467e+02 1.38889e-02 1.86965e+04 1.73372e+04 3.27832e-02
3.92252e+02 1.38889e-02 1.93543e+04 1.80856e+04 2.94447e-02
3.93038e+02 1.25000e-01 2.00823e+04 1.88366e+04 2.78113e-02
3.93823e+02 -9.86111e-01 1.99304e+04 1.88114e+04 2.50945e-02
3.94608e+02 -6.52778e-01 1.98588e+04 1.88104e+04 2.35536e-02
3.95393e+02 -1.20833e+00 2.04421e+04 1.94508e+04 2.15859e-02
3.96178e+02 3.47222e-01 2.10645e+04 2.01549e+04 1.91707e-02
3.96963e+02 -9.86111e-01 2.21471e+04 2.12369e+04 1.82240e-02
3.97748e+02 -1.09722e+00 2.33401e+04 2.25135e+04 1.56589e-02
3.98533e+02 3.47222e-01 2.42243e+04 2.34045e+04 1.49524e-02
3.99318e+02 -2.08333e-01 2.36932e+04 2.29386e+04 1.40566e-02
4.00102e+02 -1.09722e+00 2.25181e+04 2.18651e+04 1.27805e-02
4.00887e+02 -3.19444e-01 2.18487e+04 2.12768e+04 1.15175e-02
4.01671e+02 -9.72222e-02 2.14850e+04 2.09656e+04 1.06275e-02
4.02456e+02 -1.09722e+00 2.09545e+04 2.04696e+04 1.01680e-02
4.03240e+02 -6.52778e-01 2.07588e+04 2.03755e+04 8.09296e-03
4.04025e+02 -6.52778e-01 2.07517e+04 2.03393e+04 8.71689e-03
4.04809e+02 1.38889e-02 2.07688e+04 2.03953e+04 7.88103e-03
4.05593e+02 -3.19444e-01 2.05903e+04 2.02219e+04 7.84005e-03
4.06377e+02 -2.08333e-01 1.96209e+04 1.92994e+04 7.17474e-03
4.07161e+02 -1.20833e+00 1.85062e+04 1.82319e+04 6.48403e-03
4.07945e+02 1.38889e-02 1.82342e+04 1.80287e+04 4.92197e-03
4.08729e+02 -7.63889e-01 1.85138e+04 1.82523e+04 6.17739e-03
4.09513e+02 -1.43056e+00 1.83935e+04 1.81901e+04 4.83096e-03
4.10296e+02 -2.09722e+00 1.80298e+04 1.78362e+04 4.68797e-03
4.11080e+02 -5.41667e-01 1.76651e+04 1.74436e+04 5.47947e-03
4.11863e+02 -1.20833e+00 1.78082e+04 1.76562e+04 3.72355e-03
4.12647e+02 -5.41667e-01 1.84720e+04 1.83224e+04 3.53139e-03
4.13430e+02 2.36111e-01 1.92192e+04 1.90222e+04 4.47557e-03
4.14214e+02 -9.86111e-01 1.95488e+04 1.93373e+04 4.72373e-03
4.14997e+02 6.80556e-01 1.96495e+04 1.94681e+04 4.02999e-03
4.15780e+02 2.36111e-01 1.99485e+04 1.97691e+04 3.92528e-03
4.16563e+02 1.25000e-01 2.02889e+04 2.00795e+04 4.50510e-03
4.17346e+02 -1.65278e+00 2.04268e+04 2.02663e+04 3.42530e-03
4.18129e+02 1.38889e-02 2.06487e+04 2.04628e+04 3.92596e-03
4.18912e+02 9.02778e-01 2.10573e+04 2.09197e+04 2.84729e-03
4.19695e+02 -2.08333e-01 2.18424e+04 2.17078e+04 2.68446e-03
4.20478e+02 -9.86111e-01 2.29388e+04 2.27901e+04 2.82451e-03
4.21261e+02 -3.19444e-01 2.43043e+04 2.41513e+04 2.74332e-03
4.22043e+02 -3.19444e-01 2.50720e+04 2.49075e+04 2.85856e-03
4.22826e+02 4.58333e-01 2.40468e+04 2.38739e+04 3.13252e-03
4.23608e+02 4.58333e-01 2.30192e+04 2.28569e+04 3.07227e-03
4.24391e+02 -8.75000e-01 2.25274e+04 2.23496e+04 3.44155e-03
4.25173e+02 -4.30556e-01 2.21383e+04 2.19867e+04 2.98410e-03
4.25955e+02 -7.63889e-01 2.13734e+04 2.12286e+04 2.95255e-03
4.26737e+02 -1.31944e+00 2.05933e+04 2.04284e+04 3.49201e-03
4.27520e+02 -2.08333e-01 2.07071e+04 2.05916e+04 2.42887e-03
4.28302e+02 -9.72222e-02 2.08998e+04 2.07821e+04 2.45287e-03
4.29084e+02 -4.30556e-01 2.12857e+04 2.11591e+04 2.59064e-03
4.29865e+02 6.80556e-01 2.19452e+04 2.17594e+04 3.69313e-03
4.30647e+02 1.25000e-01 2.10324e+04 2.08684e+04 3.40056e-03
4.31429e+02 -1.09722e+00 1.82060e+04 1.80564e+04 3.58309e-03
4.32211e+02 -1.20833e+00 1.52914e+04 1.51613e+04 3.71202e-03
4.32992e+02 -5.41667e-01 1.37673e+04 1.36427e+04 3.94820e-03
4.33774e+02 -1.87500e+00 1.28268e+04 1.27336e+04 3.16505e-03
4.34555e+02 -8.75000e-01 1.14325e+04 1.13573e+04 2.86832e-03
4.35337e+02 3.47222e-01 9.31088e+03 9.24772e+03 2.95583e-03
4.36118e+02 2.36111e-01 8.04076e+03 7.96639e+03 4.03593e-03
4.36899e+02 -5.41667e-01 6.96110e+03 6.91306e+03 3.00742e-03
4.37680e+02 1.38889e-02 5.97376e+03 5.94228e+03 2.29511e-03
4.38461e+02 2.36111e-01 5.31565e+03 5.28394e+03 2.59848e-03
4.39242e+02 -8.75000e-01 4.93532e+03 4.91472e+03 1.81597e-03
4.40023e+02 1.38889e-02 4.75210e+03 4.71861e+03 3.07114e-03
4.40804e+02 -5.41667e-01 4.87732e+03 4.85017e+03 2.42427e-03
4.41585e+02 6.80556e-01 5.24143e+03 5.19672e+03 3.72082e-03
4.42366e+02 -7.63889e-01 5.47210e+03 5.44806e+03 1.91201e-03
4.43146e+02 -1.31944e+00 5.62954e+03 5.59594e+03 2.59903e-03
4.43927e+02 -2.08333e-01 5.76888e+03 5.72483e+03 3.32816e-03
4.44707e+02 -7.63889e-01 5.65921e+03 5.62350e+03 2.74861e-03
4.45488e+02 7.91667e-01 5.42288e+03 5.39383e+03 2.33241e-03
4.46268e+02 -1.43056e+00 5.14432e+03 5.11383e+03 2.58064e-03
4.47048e+02 -1.31944e+00 4.88521e+03 4.87083e+03 1.27947e-03
4.47828e+02 1.38889e-02 4.63810e+03 4.60850e+03 2.78026e-03
4.48609e+02 2.36111e-01 4.46121e+03 4.43450e+03 2.60798e-03
4.49389e+02 -7.63889e-01 4.35476e+03 4.33428e+03 2.04751e-03
4.50169e+02 -4.30556e-01 4.22888e+03 4.20572e+03 2.38402e-03
4.50948e+02 1.25000e-01 4.11688e+03 4.09906e+03 1.88393e-03
4.51728e+02 -4.30556e-01 4.02099e+03 4.00839e+03 1.36258e-03
4.52508e+02 2.36111e-01 3.96521e+03 3.94028e+03 2.73933e-03
4.53288e+02 -1.09722e+00 3.89576e+03 3.87694e+03 2.10246e-03
4.54067e+02 1.38889e-02 3.85243e+03 3.83250e+03 2.25266e-03
4.54847e+02 -2.65278e+00 3.86054e+03 3.84394e+03 1.86985e-03
4.55626e+02 1.38889e-02 3.89188e+03 3.87250e+03 2.16746e-03
4.56406e+02 -1.20833e+00 3.96188e+03 3.93828e+03 2.59363e-03
4.57185e+02 -3.19444e-01 4.03954e+03 4.03061e+03 9.61118e-04
4.57964e+02 -3.19444e-01 4.14421e+03 4.12339e+03 2.18711e-03
4.58743e+02 -8.75000e-01 4.20321e+03 4.19050e+03 1.31480e-03
4.59522e+02 9.02778e-01 4.24854e+03 4.22517e+03 2.39655e-03
4.60301e+02 -6.52778e-01 4.23921e+03 4.22806e+03 1.14390e-03
4.61080e+02 -2.08333e-01 4.17965e+03 4.18294e+03 -3.41875e-04
4.61859e+02 1.25000e-01 4.10643e+03 4.07039e+03 3.82870e-03
4.62638e+02 -9.72222e-02 4.00488e+03 3.97261e+03 3.51283e-03
4.63417e+02 3.47222e-01 3.90854e+03 3.88739e+03 2.35697e-03
4.64195e+02 1.38889e-02 3.81599e+03 3.81350e+03 2.83036e-04
4.64974e+02 -3.19444e-01 3.77154e+03 3.75194e+03 2.26232e-03
4.65752e+02 -4.30556e-01 3.70265e+03 3.67461e+03 3.30122e-03
4.66531e+02 1.38889e-02 3.62221e+03 3.60606e+03 1.94102e-03
4.67309e+02 -2.08333e-01 3.55276e+03 3.53306e+03 2.41574e-03
4.68087e+02 1.38889e-02 3.53276e+03 3.50672e+03 3.21326e-03
4.68865e+02 1.01389e+00 3.48288e+03 3.48328e+03 -5.02358e-05
4.69644e+02 -2.08333e-01 3.45854e+03 3.44950e+03 1.13679e-03
4.70422e+02 -1.43056e+00 3.46399e+03 3.45250e+03 1.44186e-03
4.71200e+02 -7.63889e-01 3.45776e+03 3.44028e+03 2.20134e-03
4.71977e+02 -4.30556e-01 3.45532e+03 3.45550e+03 -2.26904e-05
4.72755e+02 -8.75000e-01 3.48354e+03 3.46328e+03 2.53305e-03
4.73533e+02 1.38889e-02 3.51465e+03 3.49517e+03 2.41455e-03
4.74311e+02 -5.41667e-01 3.53110e+03 3.52617e+03 6.06746e-04
4.75088e+02 -8.75000e-01 3.57788e+03 3.55794e+03 2.42541e-03
4.75866e+02 -4.30556e-01 3.59421e+03 3.59517e+03 -1.15768e-04
4.76643e+02 -1.09722e+00 3.64565e+03 3.63994e+03 6.80343e-04
4.77420e+02 -9.86111e-01 3.68576e+03 3.66339e+03 2.64378e-03
4.78198e+02 6.80556e-01 3.73710e+03 3.71972e+03 2.02426e-03
4.78975e+02 -7.63889e-01 3.77210e+03 3.75483e+03 1.99181e-03
4.79752e+02 -2.08333e-01 3.81265e+03 3.78539e+03 3.11658e-03
4.80529e+02 -1.87500e+00 3.82965e+03 3.80706e+03 2.56892e-03
4.81306e+02 -8.75000e-01 3.85421e+03 3.84828e+03 6.68621e-04
4.82083e+02 -2.08333e-01 3.87988e+03 3.85972e+03 2.26156e-03
4.82860e+02 -3.19444e-01 3.90032e+03 3.88017e+03 2.24961e-03
4.83637e+02 -7.63889e-01 3.92432e+03 3.89706e+03 3.02716e-03
4.84413e+02 -7.63889e-01 3.95099e+03 3.94917e+03 2.00002e-04
4.85190e+02 -7.63889e-01 4.04376e+03 4.01906e+03 2.66128e-03
4.85966e+02 -1.09722e+00 4.10376e+03 4.08128e+03 2.38557e-03
4.86743e+02 -2.43056e+00 4.06599e+03 4.06839e+03 -2.56416e-04
4.87519e+02 -1.31944e+00 3.98365e+03 3.96739e+03 1.77612e-03
4.88295e+02 -6.52778e-01 3.97599e+03 3.96528e+03 1.17105e-03
4.89072e+02 -2.09722e+00 3.97788e+03 3.96183e+03 1.75400e-03
4.89848e+02 1.38889e-02 3.98854e+03 3.95606e+03 3.55176e-03
4.90624e+02 -5.41667e-01 3.99021e+03 3.96750e+03 2.47830e-03
4.91400e+02 4.58333e-01 3.97432e+03 3.96783e+03 7.09432e-04
4.92176e+02 -4.30556e-01 3.97676e+03 3.95606e+03 2.26718e-03
4.92952e+02 -1.43056e+00 3.94910e+03 3.93939e+03 1.06858e-03
4.93727e+02 -9.86111e-01 3.94065e+03 3.92906e+03 1.27968e-03
4.94503e+02 -5.41667e-01 3.91976e+03 3.90806e+03 1.29900e-03
4.95279e+02 -1.09722e+00 3.89821e+03 3.88917e+03 1.00821e-03
4.96054e+02 1.38889e-02 3.88588e+03 3.87161e+03 1.59710e-03
4.96830e+02 -1.31944e+00 3.84888e+03 3.84839e+03 5.48359e-05
4.97605e+02 -1.09722e+00 3.82665e+03 3.82317e+03 3.95713e-04
4.98380e+02 -9.86111e-01 3.78921e+03 3.79894e+03 -1.11417e-03
4.99156e+02 -1.09722e+00 3.77576e+03 3.74339e+03 3.73879e-03
4.99931e+02 4.58333e-01 3.73021e+03 3.73239e+03 -2.53831e-04
5.00706e+02 -5.41667e-01 3.70321e+03 3.69806e+03 6.04625e-04
5.01481e+02 -9.72222e-02 3.69510e+03 3.67628e+03 2.21749e-03
5.02256e+02 7.91667e-01 3.66576e+03 3.65028e+03 1.83897e-03
5.03031e+02 -6.52778e-01 3.65376e+03 3.62439e+03 3.50506e-03
5.03805e+02 -1.31944e+00 3.63488e+03 3.62828e+03 7.88665e-04
5.04580e+02 1.38889e-02 3.62443e+03 3.60783e+03 1.99332e-03
5.05355e+02 1.38889e-02 3.60499e+03 3.60294e+03 2.46031e-04
5.06129e+02 1.38889e-02 3.62865e+03 3.60539e+03 2.79331e-03
5.06904e+02 -2.08333e-01 3.61665e+03 3.62028e+03 -4.35054e-04
5.07678e+02 -2.08333e-01 3.65510e+03 3.62361e+03 3.75714e-03
5.08452e+02 -9.86111e-01 3.65899e+03 3.67183e+03 -1.52179e-03
5.09227e+02 6.80556e-01 3.69399e+03 3.68006e+03 1.64119e-03
5.10001e+02 -1.87500e+00 3.73032e+03 3.70772e+03 2.63750e-03
5.10775e+02 9.02778e-01 3.75165e+03 3.75617e+03 -5.22343e-04
5.11549e+02 -4.30556e-01 3.80676e+03 3.79150e+03 1.74468e-03
5.12323e+02 -1.20833e+00 3.86265e+03 3.84572e+03 1.90716e-03
5.13097e+02 -3.19444e-01 3.93665e+03 3.91806e+03 2.05635e-03
5.13871e+02 -9.86111e-01 3.97665e+03 3.96139e+03 1.66978e-03
5.14644e+02 4.58333e-01 4.04410e+03 4.03394e+03 1.09180e-03
5.15418e+02 -8.75000e-01 4.11510e+03 4.08528e+03 3.15783e-03
5.16192e+02 -1.31944e+00 4.19265e+03 4.17183e+03 2.16127e-03
5.16965e+02 -2.09722e+00 4.24865e+03 4.23783e+03 1.10682e-03
5.17738e+02 2.36111e-01 4.34765e+03 4.33050e+03 1.71690e-03
5.18512e+02 1.23611e+00 4.42354e+03 4.40539e+03 1.78637e-03
5.19285e+02 1.38889e-02 4.52821e+03 4.50294e+03 2.42982e-03
5.20058e+02 -9.72222e-02 4.58799e+03 4.57750e+03 9.93720e-04
5.20831e+02 1.25000e-01 4.67799e+03 4.65661e+03 1.98901e-03
5.21604e+02 7.91667e-01 4.77554e+03 4.74683e+03 2.61909e-03
5.22377e+02 -9.72222e-02 4.85588e+03 4.84361e+03 1.09821e-03
5.23150e+02 7.91667e-01 4.94899e+03 4.91294e+03 3.17489e-03
5.23923e+02 2.36111e-01 5.02765e+03 5.00272e+03 2.15899e-03
5.24696e+02 -2.08333e-01 5.10665e+03 5.09750e+03 7.79063e-04
5.25468e+02 -9.72222e-02 5.19710e+03 5.17317e+03 2.00433e-03
5.26241e+02 1.25000e-01 5.27076e+03 5.27017e+03 4.92132e-05
5.27013e+02 -3.19444e-01 5.37488e+03 5.36450e+03 8.39069e-04
5.27786e+02 -9.86111e-01 5.45265e+03 5.44783e+03 3.83961e-04
5.28558e+02 -2.08333e-01 5.56076e+03 5.52906e+03 2.48341e-03
5.29330e+02 -1.43056e+00 5.64754e+03 5.61161e+03 2.77117e-03
5.30102e+02 1.01389e+00 5.70899e+03 5.67761e+03 2.39377e-03
5.30875e+02 -4.30556e-01 5.79654e+03 5.77639e+03 1.51243e-03
5.31647e+02 -8.75000e-01 5.88554e+03 5.86128e+03 1.79387e-03
5.32418e+02 -2.08333e-01 5.98088e+03 5.95406e+03 1.95178e-03
5.33190e+02 -9.72222e-02 6.05643e+03 6.05750e+03 -7.66797e-05
5.33962e+02 -1.20833e+00 6.13376e+03 6.10939e+03 1.72894e-03
5.34734e+02 1.01389e+00 6.21765e+03 6.18250e+03 2.46274e-03
5.35505e+02 -9.86111e-01 6.27188e+03 6.26994e+03 1.33680e-04
5.36277e+02 -4.30556e-01 6.35765e+03 6.33439e+03 1.59197e-03
5.37049e+02 -1.20833e+00 6.42776e+03 6.40750e+03 1.37104e-03
5.37820e+02 -7.63889e-01 6.48532e+03 6.48794e+03 -1.75729e-04
5.38591e+02 -9.72222e-02 6.54310e+03 6.55294e+03 -6.53103e-04
5.39363e+02 -1.31944e+00 6.60943e+03 6.60183e+03 4.99388e-04
5.40134e+02 -6.52778e-01 6.67399e+03 6.65361e+03 1.32775e-03
5.40905e+02 1.38889e-02 6.73499e+03 6.70794e+03 1.74725e-03
5.41676e+02 -2.08333e-01 6.76165e+03 6.74850e+03 8.45587e-04
5.42447e+02 -1.54167e+00 6.83732e+03 6.79672e+03 2.58577e-03
5.43218e+02 -1.65278e+00 6.84732e+03 6.84683e+03 3.08255e-05
5.43988e+02 -9.72222e-02 6.89732e+03 6.87728e+03 1.26376e-03
5.44759e+02 1.38889e-02 6.92565e+03 6.91783e+03 4.90620e-04
5.45530e+02 -1.09722e+00 6.98432e+03 6.96006e+03 1.51115e-03
5.46300e+02 9.02778e-01 6.98899e+03 6.96050e+03 1.77397e-03
5.47071e+02 7.91667e-01 7.01876e+03 6.98917e+03 1.83544e-03
5.47841e+02 1.38889e-02 7.03276e+03 7.00928e+03 1.45277e-03
5.48611e+02 -8.75000e-01 7.03954e+03 7.03839e+03 7.11160e-05
5.49382e+02 5.69444e-01 7.05254e+03 7.03983e+03 7.83347e-04
5.50152e+02 -2.08333e-01 7.04676e+03 7.04150e+03 3.24527e-04
5.50922e+02 -9.72222e-02 7.07421e+03 7.06083e+03 8.21874e-04
5.51692e+02 -8.75000e-01 7.08110e+03 7.06917e+03 7.32246e-04
5.52462e+02 -4.30556e-01 7.09799e+03 7.08094e+03 1.04389e-03
5.53232e+02 1.12500e+00 7.09232e+03 7.06528e+03 1.65931e-03
5.54001e+02 2.36111e-01 7.10876e+03 7.07706e+03 1.94155e-03
5.54771e+02 -3.19444e-01 7.11999e+03 7.08917e+03 1.88388e-03
5.55541e+02 1.56944e+00 7.12932e+03 7.11728e+03 7.34320e-04
5.56310e+02 -4.30556e-01 7.12243e+03 7.12450e+03 -1.26160e-04
5.57080e+02 -5.41667e-01 7.14099e+03 7.13706e+03 2.39093e-04
5.57849e+02 3.47222e-01 7.17665e+03 7.16394e+03 7.69763e-04
5.58618e+02 -9.72222e-02 7.17388e+03 7.17461e+03 -4.45601e-05
5.59388e+02 -4.30556e-01 7.21565e+03 7.18917e+03 1.59698e-03
5.60157e+02 -4.30556e-01 7.21121e+03 7.22406e+03 -7.72988e-04
5.60926e+02 -9.86111e-01 7.26721e+03 7.22583e+03 2.47933e-03
5.61695e+02 -5.41667e-01 7.28343e+03 7.23294e+03 3.02063e-03
5.62464e+02 1.38889e-02 7.29476e+03 7.27894e+03 9.42837e-04
5.63233e+02 -3.19444e-01 7.31065e+03 7.32194e+03 -6.70243e-04
5.64001e+02 -8.75000e-01 7.36010e+03 7.32417e+03 2.12508e-03
5.64770e+02 1.68056e+00 7.38799e+03 7.39806e+03 -5.91652e-04
5.65539e+02 6.80556e-01 7.42599e+03 7.40728e+03 1.09560e-03
5.66307e+02 1.25000e-01 7.45665e+03 7.46094e+03 -2.49890e-04
5.67076e+02 -1.87500e+00 7.50665e+03 7.49528e+03 6.58431e-04
5.67844e+02 -8.75000e-01 7.56832e+03 7.53550e+03 1.88716e-03
5.68612e+02 2.36111e-01 7.59265e+03 7.57306e+03 1.12243e-03
5.69381e+02 9.02778e-01 7.64076e+03 7.64539e+03 -2.62833e-04
5.70149e+02 4.58333e-01 7.69965e+03 7.67961e+03 1.13198e-03
5.70917e+02 -2.08333e-01 7.73032e+03 7.72772e+03 1.45934e-04
5.71685e+02 -1.54167e+00 7.76532e+03 7.74317e+03 1.24047e-03
5.72453e+02 3.47222e-01 7.81865e+03 7.79206e+03 1.47995e-03
5.73220e+02 -6.52778e-01 7.83876e+03 7.83917e+03 -2.23128e-05
5.73988e+02 1.38889e-02 7.86721e+03 7.88272e+03 -8.55573e-04
5.74756e+02 2.36111e-01 7.91721e+03 7.89572e+03 1.18025e-03
5.75523e+02 -3.19444e-01 7.92943e+03 7.90483e+03 1.34923e-03
5.76291e+02 3.47222e-01 7.91876e+03 7.92183e+03 -1.68315e-04
5.77058e+02 -8.75000e-01 7.95721e+03 7.92439e+03 1.79475e-03
5.77826e+02 -2.20833e+00 8.00732e+03 7.99617e+03 6.05150e-04
5.78593e+02 3.47222e-01 8.02054e+03 8.00017e+03 1.10471e-03
5.79360e+02 -7.63889e-01 8.02354e+03 8.04183e+03 -9.88862e-04
5.80127e+02 -1.20833e+00 8.07243e+03 8.05161e+03 1.12136e-03
5.80894e+02 4.58333e-01 8.10588e+03 8.11372e+03 -4.20257e-04
5.81661e+02 -9.72222e-02 8.16099e+03 8.14472e+03 8.66351e-04
5.82428e+02 -3.19444e-01 8.20299e+03 8.14294e+03 3.19038e-03
5.83195e+02 -1.20833e+00 8.20110e+03 8.17539e+03 1.36334e-03
5.83962e+02 -9.86111e-01 8.23643e+03 8.20128e+03 1.85730e-03
5.84728e+02 -1.20833e+00 8.30076e+03 8.26706e+03 1.76695e-03
5.85495e+02 1.38889e-02 8.34610e+03 8.30750e+03 2.01309e-03
5.86261e+02 7.91667e-01 8.37110e+03 8.36928e+03 9.44124e-05
5.87028e+02 -2.08333e-01 8.39610e+03 8.40672e+03 -5.49225e-04
5.87794e+02 -6.52778e-01 8.44165e+03 8.43739e+03 2.19401e-04
5.88560e+02 4.58333e-01 8.47365e+03 8.44994e+03 1.21688e-03
5.89326e+02 -4.30556e-01 8.51632e+03 8.49939e+03 8.64199e-04
5.90092e+02 1.38889e-02 8.56588e+03 8.55272e+03 6.67367e-04
5.90858e+02 -1.20833e+00 8.61232e+03 8.61406e+03 -8.75260e-05
5.91624e+02 1.01389e+00 8.67221e+03 8.66372e+03 4.25233e-04
5.92390e+02 -7.63889e-01 8.76354e+03 8.74494e+03 9.22521e-04
5.93156e+02 -6.52778e-01 8.83454e+03 8.81306e+03 1.05744e-03
5.93922e+02 -6.52778e-01 8.90876e+03 8.87139e+03 1.82570e-03
5.94687e+02 1.25000e-01 8.99943e+03 8.96217e+03 1.80204e-03
5.95453e+02 -2.08333e-01 9.05654e+03 9.05406e+03 1.19232e-04
5.96218e+02 -1.65278e+00 9.12932e+03 9.12894e+03 1.78364e-05
5.96984e+02 -5.41667e-01 9.23643e+03 9.19672e+03 1.87099e-03
5.97749e+02 -8.75000e-01 9.33376e+03 9.29706e+03 1.71122e-03
5.98514e+02 -1.87500e+00 9.45988e+03 9.43972e+03 9.25999e-04
5.99279e+02 -3.19444e-01 9.54010e+03 9.54261e+03 -1.14421e-04
6.00044e+02 5.69444e-01 9.67699e+03 9.68072e+03 -1.67651e-04
6.00809e+02 4.58333e-01 9.80343e+03 9.80694e+03 -1.55646e-04
6.01574e+02 -6.52778e-01 9.92165e+03 9.91406e+03 3.32654e-04
6.02339e+02 -2.08333e-01 1.00657e+04 1.00306e+04 1.51452e-03
6.03104e+02 -9.72222e-02 1.02177e+04 1.01923e+04 1.07988e-03
6.03868e+02 -5.41667e-01 1.03507e+04 1.03433e+04 3.09536e-04
6.04633e+02 -4.30556e-01 1.05148e+04 1.05155e+04 -3.04015e-05
6.05397e+02 -9.72222e-02 1.06400e+04 1.06357e+04 1.74073e-04
6.06162e+02 -1.09722e+00 1.08275e+04 1.08184e+04 3.67237e-04
6.06926e+02 -5.41667e-01 1.09780e+04 1.09837e+04 -2.26853e-04
6.07690e+02 1.25000e-01 1.11664e+04 1.11524e+04 5.46470e-04
6.08455e+02 6.80556e-01 1.13220e+04 1.13207e+04 4.84865e-05
6.09219e+02 9.02778e-01 1.15093e+04 1.14926e+04 6.30983e-04
6.09983e+02 2.36111e-01 1.16913e+04 1.16751e+04 6.04583e-04
6.10747e+02 -9.72222e-02 1.18679e+04 1.18631e+04 1.76398e-04
6.11511e+02 -2.08333e-01 1.20488e+04 1.20336e+04 5.46512e-04
6.12274e+02 6.80556e-01 1.21963e+04 1.22019e+04 -2.00264e-04
6.13038e+02 1.38889e-02 1.24120e+04 1.23775e+04 1.20835e-03
6.13802e+02 -1.20833e+00 1.25562e+04 1.25799e+04 -8.20131e-04
6.14565e+02 1.34722e+00 1.27797e+04 1.27571e+04 7.68689e-04
6.15329e+02 1.25000e-01 1.29367e+04 1.29299e+04 2.25265e-04
6.16092e+02 -8.75000e-01 1.31530e+04 1.31294e+04 7.79797e-04
6.16855e+02 7.91667e-01 1.33054e+04 1.32845e+04 6.83760e-04
6.17618e+02 -2.08333e-01 1.34892e+04 1.34784e+04 3.48474e-04
6.18382e+02 -6.52778e-01 1.36490e+04 1.36717e+04 -7.22800e-04
6.19145e+02 1.38889e-02 1.38184e+04 1.38409e+04 -7.07006e-04
6.19908e+02 -8.75000e-01 1.39755e+04 1.39762e+04 -1.94204e-05
6.20671e+02 -5.41667e-01 1.41525e+04 1.41466e+04 1.82020e-04
6.21433e+02 -3.19444e-01 1.43173e+04 1.43077e+04 2.91209e-04
6.22196e+02 -9.72222e-02 1.44863e+04 1.44907e+04 -1.31973e-04
6.22959e+02 7.91667e-01 1.46460e+04 1.46286e+04 5.15551e-04
6.23721e+02 1.25000e-01 1.47944e+04 1.48032e+04 -2.56377e-04
6.24484e+02 5.69444e-01 1.49752e+04 1.49655e+04 2.81652e-04
6.25246e+02 3.47222e-01 1.51223e+04 1.51256e+04 -9.45245e-05
6.26009e+02 -2.08333e-01 1.52812e+04 1.52734e+04 2.22284e-04
6.26771e+02 -9.72222e-02 1.54028e+04 1.54365e+04 -9.50173e-04
6.27533e+02 -4.30556e-01 1.55997e+04 1.55703e+04 8.18549e-04
6.28295e+02 2.36111e-01 1.57487e+04 1.57283e+04 5.62246e-04
6.29057e+02 -5.41667e-01 1.59150e+04 1.59002e+04 4.04574e-04
6.29819e+02 -1.20833e+00 1.60897e+04 1.60654e+04 6.55380e-04
6.30581e+02 -2.08333e-01 1.62101e+04 1.62145e+04 -1.17940e-04
6.31343e+02 2.36111e-01 1.63709e+04 1.63525e+04 4.87742e-04
6.32104e+02 1.25000e-01 1.64751e+04 1.64995e+04 -6.42802e-04
6.32866e+02 3.47222e-01 1.66449e+04 1.66292e+04 4.10061e-04
6.33627e+02 -2.08333e-01 1.67432e+04 1.67482e+04 -1.28591e-04
6.34389e+02 -9.72222e-02 1.69065e+04 1.68454e+04 1.57373e-03
6.35150e+02 -9.72222e-02 1.70049e+04 1.69753e+04 7.56550e-04
6.35911e+02 1.25000e-01 1.70861e+04 1.70563e+04 7.58618e-04
6.36673e+02 -4.30556e-01 1.71868e+04 1.72225e+04 -9.02060e-04
6.37434e+02 3.47222e-01 1.72953e+04 1.72698e+04 6.40454e-04
6.38195e+02 2.36111e-01 1.73789e+04 1.73544e+04 6.12343e-04
6.38956e+02 -1.54167e+00 1.74263e+04 1.74103e+04 3.99935e-04
6.39717e+02 1.25000e-01 1.75330e+04 1.74704e+04 1.55333e-03
6.40477e+02 -1.43056e+00 1.75975e+04 1.75511e+04 1.14867e-03
6.41238e+02 -4.30556e-01 1.76128e+04 1.75916e+04 5.21885e-04
6.41999e+02 3.47222e-01 1.76823e+04 1.76218e+04 1.48817e-03
6.42759e+02 4.58333e-01 1.77019e+04 1.76882e+04 3.36457e-04
6.43520e+02 -5.41667e-01 1.77374e+04 1.77263e+04 2.73149e-04
6.44280e+02 -2.08333e-01 1.77811e+04 1.77626e+04 4.51744e-04
6.45041e+02 -1.54167e+00 1.78033e+04 1.77592e+04 1.07831e-03
6.45801e+02 4.58333e-01 1.78354e+04 1.78261e+04 2.28348e-04
6.46561e+02 -1.20833e+00 1.78192e+04 1.78569e+04 -9.18680e-04
6.47321e+02 1.68056e+00 1.78602e+04 1.78467e+04 3.28087e-04
6.48081e+02 -2.08333e-01 1.78985e+04 1.78433e+04 1.34299e-03
6.48841e+02 -1.09722e+00 1.78867e+04 1.78637e+04 5.57085e-04
6.49601e+02 2.36111e-01 1.78779e+04 1.78962e+04 -4.44125e-04
6.50360e+02 1.12500e+00 1.78984e+04 1.78858e+04 3.05791e-04
6.51120e+02 -3.19444e-01 1.78839e+04 1.78824e+04 3.60898e-05
6.51880e+02 2.36111e-01 1.79211e+04 1.79198e+04 3.06302e-05
6.52639e+02 -8.75000e-01 1.79270e+04 1.78976e+04 7.12180e-04
6.53399e+02 6.80556e-01 1.79058e+04 1.79205e+04 -3.57283e-04
6.54158e+02 2.36111e-01 1.79460e+04 1.79512e+04 -1.25353e-04
6.54917e+02 3.47222e-01 1.80649e+04 1.80658e+04 -2.30390e-05
6.55676e+02 -1.98611e+00 1.85597e+04 1.85248e+04 8.15450e-04
6.56435e+02 3.47222e-01 1.85723e+04 1.85945e+04 -5.18370e-04
6.57194e+02 5.69444e-01 1.82930e+04 1.82779e+04 3.57263e-04
6.57953e+02 5.69444e-01 1.80448e+04 1.80285e+04 3.91622e-04
6.58712e+02 -9.72222e-02 1.80285e+04 1.80243e+04 1.02726e-04
6.59471e+02 2.36111e-01 1.80009e+04 1.79898e+04 2.66480e-04
6.60230e+02 2.36111e-01 1.80694e+04 1.80277e+04 1.00362e-03
6.60988e+02 -5.41667e-01 1.80957e+04 1.80483e+04 1.13845e-03
6.61747e+02 -2.08333e-01 1.80743e+04 1.81071e+04 -7.85871e-04
6.62505e+02 4.58333e-01 1.81661e+04 1.81762e+04 -2.40668e-04
6.63264e+02 1.38889e-02 1.82151e+04 1.82146e+04 1.15903e-05
6.64022e+02 2.36111e-01 1.82613e+04 1.82539e+04 1.75431e-04
6.64780e+02 -2.08333e-01 1.83010e+04 1.83213e+04 -4.81262e-04
6.65538e+02 6.80556e-01 1.83853e+04 1.83911e+04 -1.35481e-04
6.66296e+02 -5.41667e-01 1.84365e+04 1.84467e+04 -2.39742e-04
6.67054e+02 -8.75000e-01 1.85479e+04 1.85244e+04 5.50245e-04
6.67812e+02 -7.63889e-01 1.86032e+04 1.86124e+04 -2.14260e-04
6.68570e+02 -1.87500e+00 1.87023e+04 1.87344e+04 -7.43986e-04
6.69327e+02 6.80556e-01 1.87891e+04 1.87833e+04 1.34537e-04
6.70085e+02 -3.19444e-01 1.88938e+04 1.88739e+04 4.55804e-04
6.70843e+02 -5.41667e-01 1.90399e+04 1.90367e+04 7.19179e-05
6.71600e+02 -3.19444e-01 1.91555e+04 1.91302e+04 5.75674e-04
6.72357e+02 -1.31944e+00 1.92608e+04 1.92758e+04 -3.39632e-04
6.73115e+02 7.91667e-01 1.93725e+04 1.93948e+04 -4.99469e-04
6.73872e+02 3.47222e-01 1.95384e+04 1.95569e+04 -4.11334e-04
6.74629e+02 2.36111e-01 1.96671e+04 1.96813e+04 -3.13030e-04
6.75386e+02 -9.86111e-01 1.98163e+04 1.98136e+04 5.93569e-05
6.76143e+02 5.69444e-01 1.99542e+04 1.99634e+04 -1.99770e-04
6.76900e+02 -5.41667e-01 2.01777e+04 2.01224e+04 1.19107e-03
6.77657e+02 4.58333e-01 2.03095e+04 2.03164e+04 -1.46398e-04
6.78413e+02 -1.65278e+00 2.04671e+04 2.05146e+04 -1.00695e-03
6.79170e+02 -9.72222e-02 2.06563e+04 2.06344e+04 4.61328e-04
6.79927e+02 -2.08333e-01 2.08535e+04 2.08606e+04 -1.47201e-04
6.80683e+02 4.58333e-01 2.10665e+04 2.10337e+04 6.77127e-04
6.81439e+02 -6.52778e-01 2.12160e+04 2.12163e+04 -5.97024e-06
6.82196e+02 1.25000e-01 2.14635e+04 2.13815e+04 1.66323e-03
6.82952e+02 -8.75000e-01 2.16407e+04 2.16374e+04 6.55035e-05
6.83708e+02 -5.41667e-01 2.17928e+04 2.18117e+04 -3.77635e-04
6.84464e+02 4.58333e-01 2.20240e+04 2.20443e+04 -3.99959e-04
6.85220e+02 -1.20833e+00 2.22641e+04 2.22614e+04 5.28304e-05
6.85976e+02 -1.09722e+00 2.24669e+04 2.24788e+04 -2.31087e-04
6.86732e+02 2.36111e-01 2.26997e+04 2.26916e+04 1.53884e-04
6.87488e+02 -4.30556e-01 2.29201e+04 2.29294e+04 -1.76021e-04
6.88243e+02 -6.52778e-01 2.31832e+04 2.31777e+04 1.02781e-04
6.88999e+02 -3.19444e-01 2.33943e+04 2.33706e+04 4.40341e-04
6.89754e+02 5.69444e-01 2.35977e+04 2.35855e+04 2.23724e-04
6.90510e+02 6.80556e-01 2.38423e+04 2.38348e+04 1.36387e-04
6.91265e+02 -5.41667e-01 2.41013e+04 2.41249e+04 -4.25493e-04
6.92020e+02 4.58333e-01 2.43265e+04 2.43502e+04 -4.21573e-04
6.92775e+02 -3.19444e-01 2.45715e+04 2.45282e+04 7.67307e-04
6.93530e+02 7.91667e-01 2.48045e+04 2.47801e+04 4.28945e-04
6.94285e+02 3.47222e-01 2.50502e+04 2.50571e+04 -1.18695e-04
6.95040e+02 -1.09722e+00 2.52432e+04 2.52795e+04 -6.23901e-04
6.95795e+02 -3.19444e-01 2.54742e+04 2.54957e+04 -3.66618e-04
6.96550e+02 1.38889e-02 2.56981e+04 2.57292e+04 -5.24753e-04
6.97304e+02 1.79167e+00 2.59668e+04 2.59939e+04 -4.54389e-04
6.98059e+02 -1.43056e+00 2.61717e+04 2.61981e+04 -4.37885e-04
6.98813e+02 -4.30556e-01 2.63217e+04 2.63736e+04 -8.56428e-04
6.99568e+02 1.25000e-01 2.65459e+04 2.65752e+04 -4.78954e-04
7.00322e+02 -2.08333e-01 2.67834e+04 2.68096e+04 -4.24308e-04
7.01076e+02 1.25000e-01 2.69578e+04 2.69671e+04 -1.49665e-04
7.01831e+02 7.91667e-01 2.71678e+04 2.71005e+04 1.07662e-03
7.02585e+02 -2.54167e+00 2.73190e+04 2.73222e+04 -5.05542e-05
7.03339e+02 -9.72222e-02 2.75203e+04 2.75463e+04 -4.09450e-04
7.04092e+02 2.36111e-01 2.77201e+04 2.77042e+04 2.49660e-04
7.04846e+02 -7.63889e-01 2.77997e+04 2.77978e+04 2.84241e-05
7.05600e+02 -9.72222e-02 2.79822e+04 2.79724e+04 1.52428e-04
7.06354e+02 -1.09722e+00 2.82043e+04 2.81671e+04 5.74152e-04
7.07107e+02 1.38889e-02 2.83860e+04 2.83712e+04 2.26791e-04
7.07861e+02 -1.31944e+00 2.84334e+04 2.83811e+04 8.00680e-04
7.08614e+02 -3.19444e-01 2.84804e+04 2.85168e+04 -5.54741e-04
7.09367e+02 7.91667e-01 2.86273e+04 2.86444e+04 -2.58884e-04
7.10121e+02 -2.08333e-01 2.87935e+04 2.88381e+04 -6.70882e-04
7.10874e+02 1.38889e-02 2.88974e+04 2.88595e+04 5.70426e-04
7.11627e+02 1.25000e-01 2.89038e+04 2.89018e+04 2.90087e-05
7.12380e+02 5.69444e-01 2.89732e+04 2.90034e+04 -4.52165e-04
7.13133e+02 -1.20833e+00 2.90939e+04 2.91408e+04 -7.00369e-04
7.13886e+02 1.38889e-02 2.92369e+04 2.92596e+04 -3.37599e-04
7.14638e+02 -4.30556e-01 2.92232e+04 2.92295e+04 -9.34908e-05
7.15391e+02 -8.75000e-01 2.92081e+04 2.92172e+04 -1.34828e-04
7.16143e+02 -5.41667e-01 2.92492e+04 2.92138e+04 5.25559e-04
7.16896e+02 1.01389e+00 2.92728e+04 2.92891e+04 -2.41646e-04
7.17648e+02 3.47222e-01 2.91647e+04 2.91948e+04 -4.49195e-04
7.18401e+02 -4.30556e-01 2.90623e+04 2.90707e+04 -1.25547e-04
7.19153e+02 -1.76389e+00 2.89235e+04 2.89303e+04 -1.01127e-04
7.19905e+02 1.38889e-02 2.88378e+04 2.89121e+04 -1.11739e-03
7.20657e+02 3.47222e-01 2.87737e+04 2.87841e+04 -1.56988e-04
7.21409e+02 1.25000e-01 2.86093e+04 2.86073e+04 3.09941e-05
7.22161e+02 1.38889e-02 2.84902e+04 2.84332e+04 8.70395e-04
7.22913e+02 -1.20833e+00 2.84613e+04 2.84885e+04 -4.14536e-04
7.23664e+02 4.58333e-01 2.84988e+04 2.84922e+04 1.00549e-04
7.24416e+02 -2.54167e+00 2.84617e+04 2.84456e+04 2.44826e-04
7.25168e+02 3.47222e-01 2.84101e+04 2.83805e+04 4.52683e-04
7.25919e+02 -1.76389e+00 2.84041e+04 2.84504e+04 -7.07173e-04
7.26670e+02 -9.86111e-01 2.85440e+04 2.85737e+04 -4.52181e-04
7.27422e+02 6.80556e-01 2.86004e+04 2.86787e+04 -1.18725e-03
7.28173e+02 1.38889e-02 2.86373e+04 2.86199e+04 2.63578e-04
7.28924e+02 -8.75000e-01 2.86379e+04 2.86278e+04 1.52304e-04
7.29675e+02 1.25000e-01 2.87362e+04 2.87714e+04 -5.31366e-04
7.30426e+02 4.58333e-01 2.88665e+04 2.89032e+04 -5.50679e-04
7.31177e+02 -1.54167e+00 2.89158e+04 2.88935e+04 3.34499e-04
7.31928e+02 -5.41667e-01 2.88580e+04 2.88714e+04 -2.01653e-04
7.32679e+02 -2.08333e-01 2.88529e+04 2.88457e+04 1.07676e-04
7.33429e+02 -9.72222e-02 2.89642e+04 2.89332e+04 4.65692e-04
7.34180e+02 -1.98611e+00 2.90883e+04 2.90326e+04 8.32477e-04
7.34930e+02 -1.31944e+00 2.90544e+04 2.90606e+04 -9.23706e-05
7.35681e+02 1.25000e-01 2.89571e+04 2.89622e+04 -7.60245e-05
7.36431e+02 -9.72222e-02 2.89298e+04 2.89478e+04 -2.71173e-04
7.37181e+02 -6.52778e-01 2.89454e+04 2.90029e+04 -8.62057e-04
7.37931e+02 1.25000e-01 2.90559e+04 2.90439e+04 1.78362e-04
7.38681e+02 -1.43056e+00 2.89635e+04 2.89984e+04 -5.22178e-04
7.39431e+02 -1.54167e+00 2.89097e+04 2.88984e+04 1.69235e-04
7.40181e+02 -3.19444e-01 2.88845e+04 2.88359e+04 7.31292e-04
7.40931e+02 -5.41667e-01 2.89222e+04 2.88936e+04 4.29619e-04
7.41680e+02 -3.19444e-01 2.89552e+04 2.90174e+04 -9.31626e-04
7.42430e+02 -4.30556e-01 2.89628e+04 2.89646e+04 -2.76977e-05
7.43180e+02 -1.20833e+00 2.88709e+04 2.88966e+04 -3.86951e-04
7.43929e+02 1.01389e+00 2.89231e+04 2.89301e+04 -1.04474e-04
7.44678e+02 9.02778e-01 2.90484e+04 2.90352e+04 1.98356e-04
7.45428e+02 -1.31944e+00 2.90864e+04 2.90972e+04 -1.60266e-04
7.46177e+02 -6.52778e-01 2.90898e+04 2.90525e+04 5.56674e-04
7.46926e+02 -3.19444e-01 2.90435e+04 2.90862e+04 -6.36907e-04
7.47675e+02 -4.30556e-01 2.91872e+04 2.91323e+04 8.18104e-04
7.48424e+02 1.38889e-02 2.92988e+04 2.93019e+04 -4.71427e-05
7.49173e+02 -8.75000e-01 2.93093e+04 2.93529e+04 -6.45919e-04
7.49922e+02 -3.19444e-01 2.92219e+04 2.92857e+04 -9.47850e-04
7.50670e+02 6.80556e-01 2.93055e+04 2.92975e+04 1.19193e-04
7.51419e+02 -7.63889e-01 2.94664e+04 2.94914e+04 -3.67686e-04
7.52167e+02 -1.09722e+00 2.96365e+04 2.96795e+04 -6.29033e-04
7.52916e+02 -9.72222e-02 2.96417e+04 2.97025e+04 -8.90586e-04
7.53664e+02 -1.20833e+00 2.96398e+04 2.96977e+04 -8.48366e-04
7.54412e+02 1.25000e-01 2.97149e+04 2.97565e+04 -6.07942e-04
7.55161e+02 -9.86111e-01 2.98889e+04 2.99641e+04 -1.09099e-03
7.55909e+02 1.25000e-01 3.01097e+04 3.01638e+04 -7.80788e-04
7.56657e+02 1.25000e-01 3.02713e+04 3.02879e+04 -2.38450e-04
7.57405e+02 3.47222e-01 3.02932e+04 3.02658e+04 3.92640e-04
7.58152e+02 -6.52778e-01 3.02708e+04 3.02987e+04 -4.00924e-04
7.58900e+02 -6.52778e-01 3.04022e+04 3.03887e+04 1.92687e-04
7.59648e+02 -4.30556e-01 3.06819e+04 3.06345e+04 6.71090e-04
7.60395e+02 -1.09722e+00 3.08154e+04 3.08445e+04 -4.09480e-04
7.61143e+02 4.58333e-01 3.08961e+04 3.08727e+04 3.28703e-04
7.61890e+02 1.25000e-01 3.08869e+04 3.08839e+04 4.12081e-05
7.62638e+02 -1.09722e+00 3.10390e+04 3.10419e+04 -4.13893e-05
7.63385e+02 1.56944e+00 3.12951e+04 3.12895e+04 7.76857e-05
7.64132e+02 -1.54167e+00 3.15238e+04 3.14743e+04 6.82259e-04
7.64879e+02 -9.72222e-02 3.15663e+04 3.15405e+04 3.55372e-04
7.65626e+02 1.38889e-02 3.15101e+04 3.14887e+04 2.94705e-04
7.66373e+02 -1.76389e+00 3.15643e+04 3.15971e+04 -4.50159e-04
7.67120e+02 -9.72222e-02 3.18024e+04 3.18514e+04 -6.68060e-04
7.67866e+02 -1.31944e+00 3.21155e+04 3.21229e+04 -1.00091e-04
7.68613e+02 -1.31944e+00 3.21724e+04 3.21821e+04 -1.29903e-04
7.69359e+02 -3.19444e-01 3.22157e+04 3.22006e+04 2.02820e-04
7.70106e+02 -2.08333e-01 3.22483e+04 3.23151e+04 -8.97814e-04
7.70852e+02 1.23611e+00 3.25079e+04 3.25401e+04 -4.29725e-04
7.71599e+02 7.91667e-01 3.28750e+04 3.28339e+04 5.42532e-04
7.72345e+02 -1.65278e+00 3.30649e+04 3.31533e+04 -1.15953e-03
7.73091e+02 1.25000e-01 3.30547e+04 3.31526e+04 -1.28514e-03
7.73837e+02 9.02778e-01 3.31027e+04 3.31241e+04 -2.80713e-04
7.74583e+02 -2.08333e-01 3.32788e+04 3.33654e+04 -1.12900e-03
7.75329e+02 -1.43056e+00 3.37039e+04 3.37345e+04 -3.94425e-04
7.76075e+02 -1.20833e+00 3.39577e+04 3.39625e+04 -6.19859e-05
7.76820e+02 5.69444e-01 3.40004e+04 3.41221e+04 -1.55080e-03
7.77566e+02 -2.08333e-01 3.41203e+04 3.41454e+04 -3.18973e-04
7.78311e+02 4.58333e-01 3.42143e+04 3.42404e+04 -3.30787e-04
7.79057e+02 -5.41667e-01 3.44861e+04 3.44936e+04 -9.46130e-05
7.79802e+02 1.01389e+00 3.49317e+04 3.49265e+04 6.40695e-05
7.80547e+02 3.47222e-01 3.51283e+04 3.52003e+04 -8.88726e-04
7.81293e+02 -1.43056e+00 3.52803e+04 3.53149e+04 -4.26001e-04
7.82038e+02 -2.08333e-01 3.53179e+04 3.53673e+04 -6.07065e-04
7.82783e+02 -9.86111e-01 3.54768e+04 3.55673e+04 -1.10660e-03
7.83528e+02 -9.72222e-02 3.58738e+04 3.60009e+04 -1.53694e-03
7.84272e+02 -1.54167e+00 3.62403e+04 3.62966e+04 -6.74033e-04
7.85017e+02 1.38889e-02 3.65564e+04 3.65162e+04 4.78603e-04
7.85762e+02 -3.19444e-01 3.66110e+04 3.65774e+04 3.98723e-04
7.86506e+02 4.58333e-01 3.67083e+04 3.66962e+04 1.43805e-04
7.87251e+02 -9.72222e-02 3.70849e+04 3.70622e+04 2.66014e-04
7.87995e+02 -2.08333e-01 3.74801e+04 3.74877e+04 -8.83440e-05
7.88740e+02 -6.52778e-01 3.78591e+04 3.78443e+04 1.70029e-04
7.89484e+02 -2.08333e-01 3.79355e+04 3.79494e+04 -1.58496e-04
7.90228e+02 1.25000e-01 3.79484e+04 3.80761e+04 -1.45814e-03
7.90972e+02 -5.41667e-01 3.82990e+04 3.83341e+04 -3.97485e-04
7.91716e+02 -1.87500e+00 3.87789e+04 3.87915e+04 -1.41361e-04
7.92460e+02 2.36111e-01 3.92635e+04 3.93266e+04 -6.97056e-04
7.93204e+02 1.01389e+00 3.94309e+04 3.95653e+04 -1.47784e-03
7.93947e+02 -5.41667e-01 3.94837e+04 3.95813e+04 -1.07247e-03
7.94691e+02 -1.65278e+00 3.96804e+04 3.97558e+04 -8.24451e-04
7.95434e+02 3.47222e-01 3.99988e+04 4.00109e+04 -1.32234e-04
7.96178e+02 -4.30556e-01 4.04680e+04 4.05215e+04 -5.73915e-04
7.96921e+02 -1.65278e+00 4.09692e+04 4.10087e+04 -4.18649e-04
7.97664e+02 -1.09722e+00 4.11708e+04 4.12569e+04 -9.08111e-04
7.98408e+02 -7.63889e-01 4.12231e+04 4.12883e+04 -6.86137e-04
7.99151e+02 -1.31944e+00 4.12652e+04 4.13806e+04 -1.21282e-03
7.99894e+02 -4.30556e-01 4.16550e+04 4.16577e+04 -2.85254e-05
8.00637e+02 -5.41667e-01 4.21745e+04 4.22348e+04 -6.20405e-04
8.01380e+02 -3.19444e-01 4.26772e+04 4.26346e+04 4.33694e-04
8.02122e+02 -1.76389e+00 4.28984e+04 4.29782e+04 -8.06449e-04
8.02865e+02 6.80556e-01 4.30038e+04 4.30611e+04 -5.78212e-04
8.03608e+02 -1.09722e+00 4.30955e+04 4.31123e+04 -1.68621e-04
8.04350e+02 -1.76389e+00 4.33754e+04 4.33956e+04 -2.02002e-04
8.05092e+02 -1.20833e+00 4.38745e+04 4.39592e+04 -8.36835e-04
8.05835e+02 1.45833e+00 4.43874e+04 4.43847e+04 2.65005e-05
8.06577e+02 3.47222e-01 4.46460e+04 4.46589e+04 -1.26035e-04
8.07319e+02 -2.31944e+00 4.46268e+04 4.46955e+04 -6.68370e-04
8.08061e+02 -9.86111e-01 4.46560e+04 4.47046e+04 -4.72627e-04
8.08803e+02 7.91667e-01 4.50101e+04 4.50422e+04 -3.09328e-04
8.09545e+02 -5.41667e-01 4.55691e+04 4.56087e+04 -3.77476e-04
8.10287e+02 -1.20833e+00 4.60301e+04 4.60813e+04 -4.82608e-04
8.11028e+02 -1.31944e+00 4.61890e+04 4.63029e+04 -1.07015e-03
8.11770e+02 -7.63889e-01 4.62204e+04 4.63105e+04 -8.45469e-04
8.12512e+02 -5.41667e-01 4.61247e+04 4.62705e+04 -1.37107e-03
8.13253e+02 -3.19444e-01 4.64203e+04 4.64325e+04 -1.13942e-04
8.13994e+02 2.36111e-01 4.69788e+04 4.70204e+04 -3.84633e-04
8.14736e+02 3.47222e-01 4.74932e+04 4.76193e+04 -1.15130e-03
8.15477e+02 -9.86111e-01 4.79180e+04 4.79544e+04 -3.29797e-04
8.16218e+02 -7.63889e-01 4.79051e+04 4.79534e+04 -4.37572e-04
8.16959e+02 -2.08333e-01 4.78508e+04 4.78523e+04 -1.37398e-05
8.17700e+02 -9.72222e-02 4.79589e+04 4.80557e+04 -8.76120e-04
8.18441e+02 -3.19444e-01 4.85068e+04 4.85668e+04 -5.37482e-04
8.19181e+02 -1.54167e+00 4.91335e+04 4.91809e+04 -4.18781e-04
8.19922e+02 -5.41667e-01 4.95105e+04 4.96415e+04 -1.14721e-03
8.20663e+02 -1.98611e+00 4.95155e+04 4.95386e+04 -2.02284e-04
8.21403e+02 -1.76389e+00 4.92728e+04 4.93356e+04 -5.53568e-04
8.22144e+02 -4.30556e-01 4.93313e+04 4.93522e+04 -1.83491e-04
8.22884e+02 6.80556e-01 4.98268e+04 4.97909e+04 3.12322e-04
8.23624e+02 -9.86111e-01 5.04124e+04 5.04502e+04 -3.24962e-04
8.24364e+02 1.38889e-02 5.09224e+04 5.09651e+04 -3.63377e-04
8.25104e+02 -4.30556e-01 5.10350e+04 5.10523e+04 -1.47121e-04
8.25844e+02 -9.86111e-01 5.07812e+04 5.07987e+04 -1.49755e-04
8.26584e+02 -3.19444e-01 5.07667e+04 5.08052e+04 -3.29349e-04
8.27324e+02 -3.19444e-01 5.12162e+04 5.12859e+04 -5.90930e-04
8.28064e+02 -7.63889e-01 5.19233e+04 5.20457e+04 -1.02258e-03
8.28803e+02 -1.98611e+00 5.23912e+04 5.24749e+04 -6.93546e-04
8.29543e+02 2.36111e-01 5.23351e+04 5.24359e+04 -8.36063e-04
8.30282e+02 9.02778e-01 5.21287e+04 5.21528e+04 -2.01410e-04
8.31021e+02 -2.43056e+00 5.20678e+04 5.21308e+04 -5.25716e-04
8.31761e+02 -9.86111e-01 5.24348e+04 5.25422e+04 -8.88644e-04
8.32500e+02 1.38889e-02 5.31047e+04 5.32003e+04 -7.81327e-04
8.33239e+02 -1.09722e+00 5.37215e+04 5.38581e+04 -1.10218e-03
8.33978e+02 1.25000e-01 5.40307e+04 5.40874e+04 -4.55803e-04
8.34717e+02 -1.43056e+00 5.39614e+04 5.38851e+04 6.15103e-04
8.35456e+02 1.38889e-02 5.36411e+04 5.36295e+04 9.39048e-05
8.36194e+02 4.58333e-01 5.35833e+04 5.35833e+04 3.37713e-07
8.36933e+02 -1.09722e+00 5.40134e+04 5.40314e+04 -1.44367e-04
8.37672e+02 -1.43056e+00 5.47039e+04 5.47677e+04 -5.06575e-04
8.38410e+02 1.63840e+04 5.53482e+04 5.53846e+04 -4.05556e-04
8.39148e+02 -9.72222e-02 5.57201e+04 5.56853e+04 2.71475e-04
8.39887e+02 1.38889e-02 5.54880e+04 5.55186e+04 -2.39630e-04
8.40625e+02 -4.30556e-01 5.51361e+04 5.50918e+04 3.48794e-04
8.41363e+02 -2.08333e-01 5.52825e+04 5.52686e+04 1.09451e-04
8.42101e+02 -4.30556e-01 5.59143e+04 5.59369e+04 -1.75695e-04
8.42839e+02 2.36111e-01 5.66678e+04 5.67657e+04 -7.50095e-04
8.43577e+02 -1.09722e+00 5.71790e+04 5.72375e+04 -4.44198e-04
8.44315e+02 -1.65278e+00 5.71485e+04 5.72931e+04 -1.09680e-03
8.45052e+02 5.69444e-01 5.67971e+04 5.68845e+04 -6.67811e-04
8.45790e+02 7.91667e-01 5.64918e+04 5.67062e+04 -1.64518e-03
8.46527e+02 -8.75000e-01 5.68533e+04 5.68842e+04 -2.35570e-04
8.47265e+02 5.69444e-01 5.75578e+04 5.76654e+04 -8.11320e-04
8.48002e+02 2.36111e-01 5.83457e+04 5.84072e+04 -4.57638e-04
8.48739e+02 -5.41667e-01 5.88618e+04 5.89314e+04 -5.13400e-04
8.49476e+02 1.12500e+00 5.87481e+04 5.88394e+04 -6.74361e-04
8.50213e+02 6.80556e-01 5.82554e+04 5.83648e+04 -8.14843e-04
8.50950e+02 -8.75000e-01 5.81125e+04 5.81682e+04 -4.15499e-04
8.51687e+02 -7.63889e-01 5.85058e+04 5.85355e+04 -2.20675e-04
8.52424e+02 -1.54167e+00 5.92172e+04 5.92908e+04 -5.39611e-04
8.53161e+02 -5.41667e-01 5.99765e+04 6.00961e+04 -8.64540e-04
8.53897e+02 5.69444e-01 6.05205e+04 6.06303e+04 -7.86759e-04
8.54634e+02 -8.75000e-01 6.05622e+04 6.05975e+04 -2.53001e-04
8.55370e+02 1.01389e+00 6.00432e+04 6.00726e+04 -2.12623e-04
8.56106e+02 4.58333e-01 5.95969e+04 5.96605e+04 -4.63404e-04
8.56843e+02 7.91667e-01 5.99388e+04 5.99469e+04 -5.92701e-05
8.57579e+02 -1.20833e+00 6.08049e+04 6.07668e+04 2.71790e-04
8.58315e+02 -7.63889e-01 6.14977e+04 6.15986e+04 -7.12371e-04
8.59051e+02 -9.86111e-01 6.21037e+04 6.21165e+04 -8.98307e-05
8.59787e+02 -2.08333e-01 6.21213e+04 6.21559e+04 -2.41998e-04
8.60523e+02 -6.52778e-01 6.16851e+04 6.17402e+04 -3.87540e-04
8.61258e+02 -2.08333e-01 6.13691e+04 6.13668e+04 1.60212e-05
8.61994e+02 -8.75000e-01 6.17067e+04 6.16474e+04 4.17297e-04
8.62729e+02 -8.75000e-01 6.23585e+04 6.23626e+04 -2.83402e-05
8.63465e+02 -1.31944e+00 6.29809e+04 6.30641e+04 -5.73194e-04
8.64200e+02 1.38889e-02 6.35358e+04 6.35811e+04 -3.09478e-04
8.64936e+02 -2.08333e-01 6.34610e+04 6.35673e+04 -7.26795e-04
8.65671e+02 -6.52778e-01 6.28419e+04 6.28949e+04 -3.66600e-04
8.66406e+02 -1.20833e+00 6.26358e+04 6.26761e+04 -2.79273e-04
8.67141e+02 -3.19444e-01 6.28292e+04 6.28967e+04 -4.66423e-04
8.67876e+02 -9.72222e-02 6.34663e+04 6.35244e+04 -3.97182e-04
8.68611e+02 -5.41667e-01 6.41903e+04 6.42786e+04 -5.96942e-04
8.69345e+02 1.38889e-02 6.48465e+04 6.48823e+04 -2.39268e-04
8.70080e+02 -9.72222e-02 6.48808e+04 6.48763e+04 3.00298e-05
8.70814e+02 1.23611e+00 6.43862e+04 6.43745e+04 7.89831e-05
8.71549e+02 -7.63889e-01 6.36377e+04 6.36337e+04 2.68245e-05
8.72283e+02 6.80556e-01 6.34687e+04 6.35383e+04 -4.76164e-04
8.73018e+02 -9.72222e-02 6.37044e+04 6.39133e+04 -1.42145e-03
8.73752e+02 -2.08333e-01 6.41448e+04 6.42862e+04 -9.56316e-04
8.74486e+02 -2.08333e-01 6.45975e+04 6.47162e+04 -7.96791e-04
8.75220e+02 1.01389e+00 6.48950e+04 6.49735e+04 -5.25126e-04
8.75954e+02 -1.09722e+00 6.45328e+04 6.45961e+04 -4.25726e-04
8.76688e+02 -5.41667e-01 6.40162e+04 6.39961e+04 1.36739e-04
8.77421e+02 -4.30556e-01 6.37177e+04 6.38057e+04 -5.99856e-04
8.78155e+02 -9.72222e-02 6.40210e+04 6.40855e+04 -4.37417e-04
8.78889e+02 1.38889e-02 6.47279e+04 6.48286e+04 -6.75368e-04
8.79622e+02 2.36111e-01 6.56091e+04 6.57489e+04 -9.24726e-04
8.80355e+02 -7.63889e-01 6.65243e+04 6.65365e+04 -7.95108e-05
8.81089e+02 -6.52778e-01 6.69191e+04 6.69262e+04 -4.58767e-05
8.81822e+02 -1.09722e+00 6.67947e+04 6.67815e+04 8.55255e-05
8.82555e+02 9.02778e-01 6.65945e+04 6.66551e+04 -3.94466e-04
8.83288e+02 -1.20833e+00 6.69942e+04 6.70023e+04 -5.23066e-05
8.84021e+02 7.91667e-01 6.78360e+04 6.78614e+04 -1.62603e-04
8.84754e+02 1.38889e-02 6.88414e+04 6.89373e+04 -6.04243e-04
8.85487e+02 -1.31944e+00 6.99074e+04 6.99369e+04 -1.83311e-04
8.86219e+02 -5.41667e-01 7.06731e+04 7.07142e+04 -2.52301e-04
8.86952e+02 5.69444e-01 7.09163e+04 7.09548e+04 -2.35799e-04
8.87684e+02 -3.19444e-01 7.07302e+04 7.08394e+04 -6.69866e-04
8.88417e+02 -9.72222e-02 7.06225e+04 7.07166e+04 -5.78096e-04
8.89149e+02 -6.52778e-01 7.09968e+04 7.10114e+04 -8.94526e-05
8.89881e+02 4.58333e-01 7.16441e+04 7.17956e+04 -9.17488e-04
8.90613e+02 -6.52778e-01 7.25615e+04 7.26338e+04 -4.32460e-04
8.91345e+02 1.25000e-01 7.34555e+04 7.36313e+04 -1.03777e-03
8.92077e+02 1.38889e-02 7.43323e+04 7.43514e+04 -1.11401e-04
8.92809e+02 1.38889e-02 7.46139e+04 7.46267e+04 -7.47716e-05
8.93541e+02 3.47222e-01 7.43234e+04 7.43196e+04 2.23189e-05
8.94273e+02 -5.41667e-01 7.42018e+04 7.41616e+04 2.35072e-04
8.95004e+02 5.69444e-01 7.44370e+04 7.45126e+04 -4.41005e-04
8.95736e+02 -1.87500e+00 7.50742e+04 7.52902e+04 -1.24747e-03
8.96467e+02 4.58333e-01 7.61385e+04 7.60853e+04 3.03926e-04
8.97199e+02 -5.41667e-01 7.70629e+04 7.70762e+04 -7.48993e-05
8.97930e+02 -8.75000e-01 7.74357e+04 7.73905e+04 2.53308e-04
8.98661e+02 -7.63889e-01 7.71600e+04 7.71924e+04 -1.82339e-04
8.99392e+02 -9.86111e-01 7.69479e+04 7.69959e+04 -2.71216e-04
9.00123e+02 -6.52778e-01 7.72163e+04 7.72787e+04 -3.50833e-04
9.00854e+02 -1.31944e+00 7.77945e+04 7.77938e+04 3.95428e-06
9.01584e+02 -1.43056e+00 7.85969e+04 7.85938e+04 1.68070e-05
9.02315e+02 -6.52778e-01 7.94499e+04 7.94655e+04 -8.54014e-05
9.03046e+02 -8.75000e-01 8.02549e+04 8.03609e+04 -5.73603e-04
9.03776e+02 -1.43056e+00 8.06803e+04 8.07175e+04 -2.00090e-04
9.04507e+02 -5.41667e-01 8.04624e+04 8.05067e+04 -2.38996e-04
9.05237e+02 -1.43056e+00 8.02780e+04 8.04008e+04 -6.64069e-04
9.05967e+02 3.47222e-01 8.04157e+04 8.04769e+04 -3.30888e-04
9.06697e+02 -1.31944e+00 8.09755e+04 8.10986e+04 -6.59544e-04
9.07427e+02 -2.08333e-01 8.16554e+04 8.17111e+04 -2.95747e-04
9.08157e+02 1.38889e-02 8.25717e+04 8.26273e+04 -2.92467e-04
9.08887e+02 7.91667e-01 8.34020e+04 8.36098e+04 -1.08098e-03
9.09617e+02 -1.09722e+00 8.39468e+04 8.40378e+04 -4.70882e-04
9.10347e+02 -9.72222e-02 8.39790e+04 8.40136e+04 -1.79025e-04
9.11076e+02 -8.75000e-01 8.37697e+04 8.38721e+04 -5.30566e-04
9.11806e+02 -1.20833e+00 8.37691e+04 8.38925e+04 -6.39292e-04
9.12535e+02 7.91667e-01 8.40592e+04 8.42542e+04 -1.00610e-03
9.13264e+02 2.36111e-01 8.45688e+04 8.46509e+04 -4.21826e-04
9.13994e+02 -6.52778e-01 8.52930e+04 8.54277e+04 -6.85502e-04
9.14723e+02 -2.08333e-01 8.63471e+04 8.63874e+04 -2.02605e-04
9.15452e+02 3.47222e-01 8.70642e+04 8.71174e+04 -2.65196e-04
9.16181e+02 5.69444e-01 8.71855e+04 8.73067e+04 -6.03218e-04
9.16910e+02 -1.20833e+00 8.68904e+04 8.69639e+04 -3.67276e-04
9.17638e+02 4.58333e-01 8.67125e+04 8.67563e+04 -2.18996e-04
9.18367e+02 -1.09722e+00 8.67761e+04 8.68281e+04 -2.59958e-04
9.19096e+02 -7.63889e-01 8.70180e+04 8.71245e+04 -5.31266e-04
9.19824e+02 -8.75000e-01 8.73535e+04 8.75128e+04 -7.91219e-04
9.20553e+02 -6.52778e-01 8.78780e+04 8.80617e+04 -9.07072e-04
9.21281e+02 2.36111e-01 8.84541e+04 8.86335e+04 -8.79947e-04
9.22009e+02 2.36111e-01 8.87033e+04 8.87625e+04 -2.89654e-04
9.22737e+02 -8.75000e-01 8.83650e+04 8.84875e+04 -6.01706e-04
9.23465e+02 2.36111e-01 8.76629e+04 8.78185e+04 -7.70307e-04
9.24193e+02 1.25000e-01 8.71749e+04 8.72578e+04 -4.13092e-04
9.24921e+02 -5.41667e-01 8.68523e+04 8.69157e+04 -3.16920e-04
9.25649e+02 6.80556e-01 8.66279e+04 8.65986e+04 1.46736e-04
9.26377e+02 3.47222e-01 8.65501e+04 8.65997e+04 -2.48940e-04
9.27104e+02 3.47222e-01 8.66532e+04 8.67125e+04 -2.97062e-04
9.27832e+02 -2.08333e-01 8.66429e+04 8.68186e+04 -8.79977e-04
9.28559e+02 1.38889e-02 8.62015e+04 8.63279e+04 -6.36367e-04
9.29286e+02 -3.19444e-01 8.50848e+04 8.51778e+04 -4.74789e-04
9.30014e+02 -3.19444e-01 8.38874e+04 8.39817e+04 -4.87882e-04
9.30741e+02 -2.08333e-01 8.27623e+04 8.29236e+04 -8.45551e-04
9.31468e+02 -1.43056e+00 8.16797e+04 8.18034e+04 -6.57401e-04
9.32195e+02 5.69444e-01 8.05455e+04 8.06506e+04 -5.66160e-04
9.32922e+02 -1.20833e+00 7.92620e+04 7.93514e+04 -4.89575e-04
9.33648e+02 -1.20833e+00 7.73480e+04 7.73653e+04 -9.70771e-05
9.34375e+02 1.38889e-02 7.43992e+04 7.44647e+04 -3.82260e-04
9.35102e+02 2.36111e-01 7.06889e+04 7.07403e+04 -3.15692e-04
9.35828e+02 -7.63889e-01 6.63424e+04 6.65331e+04 -1.24608e-03
9.36554e+02 -3.19444e-01 6.17942e+04 6.19249e+04 -9.17848e-04
9.37281e+02 2.36111e-01 5.73895e+04 5.75381e+04 -1.12243e-03
9.38007e+02 1.34722e+00 5.33178e+04 5.33543e+04 -2.97326e-04
9.38733e+02 1.38889e-02 4.97724e+04 4.97924e+04 -1.74114e-04
9.39459e+02 -4.30556e-01 4.69039e+04 4.68779e+04 2.40162e-04
9.40185e+02 -3.19444e-01 4.46013e+04 4.46183e+04 -1.65095e-04
9.40911e+02 5.69444e-01 4.28574e+04 4.28751e+04 -1.78568e-04
9.41637e+02 -1.09722e+00 4.14991e+04 4.14968e+04 2.36920e-05
9.42362e+02 2.36111e-01 4.04408e+04 4.04817e+04 -4.39633e-04
9.43088e+02 -1.43056e+00 3.99965e+04 4.00859e+04 -9.69644e-04
9.43813e+02 -5.41667e-01 4.01010e+04 4.01795e+04 -8.49464e-04
9.44539e+02 -1.31944e+00 4.06731e+04 4.07338e+04 -6.48016e-04
9.45264e+02 -2.43056e+00 4.16394e+04 4.17267e+04 -9.09436e-04
9.45989e+02 -9.86111e-01 4.30013e+04 4.30936e+04 -9.31085e-04
9.46714e+02 -9.72222e-02 4.45315e+04 4.45969e+04 -6.37372e-04
9.47439e+02 7.91667e-01 4.61824e+04 4.62058e+04 -2.20025e-04
9.48164e+02 -5.41667e-01 4.77334e+04 4.77334e+04 3.79093e-07
9.48889e+02 6.80556e-01 4.94401e+04 4.94752e+04 -3.07954e-04
9.49614e+02 -3.19444e-01 5.13362e+04 5.13751e+04 -3.28514e-04
9.50338e+02 -7.63889e-01 5.33747e+04 5.34245e+04 -4.05398e-04
9.51063e+02 6.80556e-01 5.55079e+04 5.54914e+04 1.29008e-04
9.51787e+02 1.38889e-02 5.77229e+04 5.77927e+04 -5.25198e-04
9.52512e+02 -3.19444e-01 6.01752e+04 6.01707e+04 3.23780e-05
9.53236e+02 -1.20833e+00 6.26193e+04 6.25687e+04 3.51051e-04
9.53960e+02 1.25000e-01 6.48602e+04 6.48591e+04 7.71892e-06
9.54684e+02 2.36111e-01 6.68399e+04 6.68192e+04 1.34574e-04
9.55408e+02 3.47222e-01 6.86511e+04 6.85936e+04 3.63818e-04
9.56132e+02 1.25000e-01 7.03225e+04 7.04794e+04 -9.67572e-04
9.56856e+02 -8.75000e-01 7.21690e+04 7.22133e+04 -2.66451e-04
9.57580e+02 4.58333e-01 7.40991e+04 7.41069e+04 -4.59904e-05
9.58303e+02 -2.08333e-01 7.58994e+04 7.60176e+04 -6.75698e-04
9.59027e+02 4.58333e-01 7.80384e+04 7.81104e+04 -4.00276e-04
9.59750e+02 1.01389e+00 8.00724e+04 8.02407e+04 -9.11829e-04
9.60474e+02 -4.30556e-01 8.19163e+04 8.20587e+04 -7.54315e-04
9.61197e+02 -3.19444e-01 8.33453e+04 8.34097e+04 -3.35458e-04
9.61920e+02 -5.41667e-01 8.46604e+04 8.46724e+04 -6.13396e-05
9.62643e+02 4.58333e-01 8.61218e+04 8.61114e+04 5.23224e-05
9.63366e+02 -6.52778e-01 8.76243e+04 8.77341e+04 -5.43543e-04
9.64089e+02 -3.19444e-01 8.91422e+04 8.92495e+04 -5.22401e-04
9.64812e+02 -2.08333e-01 9.06075e+04 9.07616e+04 -7.37847e-04
9.65534e+02 -1.09722e+00 9.24222e+04 9.25893e+04 -7.84346e-04
9.66257e+02 -1.87500e+00 9.37975e+04 9.38997e+04 -4.72842e-04
9.66979e+02 5.69444e-01 9.48534e+04 9.49149e+04 -2.81557e-04
9.67702e+02 -1.43056e+00 9.56490e+04 9.58404e+04 -8.68183e-04
9.68424e+02 7.91667e-01 9.65435e+04 9.66208e+04 -3.47555e-04
9.69146e+02 7.91667e-01 9.75371e+04 9.78002e+04 -1.16978e-03
9.69869e+02 -1.20833e+00 9.84167e+04 9.85896e+04 -7.62554e-04
9.70591e+02 -1.20833e+00 9.92444e+04 9.94843e+04 -1.04829e-03
9.71313e+02 -5.41667e-01 1.00521e+05 1.00572e+05 -2.21066e-04
9.72034e+02 -9.72222e-02 1.01585e+05 1.01656e+05 -3.00405e-04
9.72756e+02 -9.86111e-01 1.02027e+05 1.02023e+05 1.72042e-05
9.73478e+02 -9.72222e-02 1.02168e+05 1.02361e+05 -8.19919e-04
9.74199e+02 -5.41667e-01 1.02563e+05 1.02753e+05 -8.04084e-04
9.74921e+02 -9.72222e-02 1.02951e+05 1.03179e+05 -9.59164e-04
9.75642e+02 -1.31944e+00 1.03224e+05 1.03382e+05 -6.64995e-04
9.76364e+02 1.25000e-01 1.03803e+05 1.03909e+05 -4.42621e-04
9.77085e+02 7.91667e-01 1.04382e+05 1.04496e+05 -4.74807e-04
9.77806e+02 -9.72222e-02 1.04580e+05 1.04774e+05 -8.03332e-04
9.78527e+02 -9.86111e-01 1.04567e+05 1.04743e+05 -7.30640e-04
9.79248e+02 1.25000e-01 1.04563e+05 1.04837e+05 -1.13730e-03
9.79969e+02 -2.08333e-01 1.04691e+05 1.05004e+05 -1.29724e-03
9.80689e+02 3.47222e-01 1.04287e+05 1.04623e+05 -1.39683e-03
9.81410e+02 -1.09722e+00 1.04075e+05 1.04359e+05 -1.18377e-03
9.82131e+02 2.36111e-01 1.04201e+05 1.04592e+05 -1.62502e-03
9.82851e+02 -9.86111e-01 1.04300e+05 1.04562e+05 -1.09077e-03
9.83571e+02 -4.30556e-01 1.03774e+05 1.03866e+05 -3.84672e-04
9.84292e+02 -8.75000e-01 1.03182e+05 1.03301e+05 -5.01341e-04
9.85012e+02 -1.54167e+00 1.02656e+05 1.02756e+05 -4.23608e-04
9.85732e+02 -8.75000e-01 1.01895e+05 1.02126e+05 -9.83261e-04
9.86452e+02 -9.86111e-01 1.00946e+05 1.01171e+05 -9.68174e-04
9.87172e+02 -7.63889e-01 1.00125e+05 1.00326e+05 -8.69338e-04
9.87892e+02 -5.41667e-01 9.95783e+04 9.96934e+04 -5.01564e-04
9.88611e+02 -1.76389e+00 9.87971e+04 9.88443e+04 -2.07344e-04
9.89331e+02 -9.86111e-01 9.77390e+04 9.78697e+04 -5.80520e-04
9.90050e+02 -6.52778e-01 9.66008e+04 9.66967e+04 -4.31189e-04
9.90770e+02 -1.43056e+00 9.51337e+04 9.52384e+04 -4.77860e-04
9.91489e+02 -1.76389e+00 2.62083e+01 2.68333e+01 -9.59688e-03
9.92208e+02 -2.43056e+00 3.65278e+00 3.72222e+00 -4.92962e-03
9.92928e+02 -2.76389e+00 -1.68056e+00 -7.22222e-01 -2.75223e-01
9.93647e+02 -2.31944e+00 1.65278e+00 1.38889e+00 2.98548e-02
