Wavelength Dark Reference Sample Absorbance
1.97742e+02 1.71878e+03 1.72011e+03 1.08333e+01 3.43582e-01
1.98544e+02 1.70600e+03 1.70733e+03 -3.50000e+00 2.45727e-01
1.99347e+02 1.70300e+03 1.70333e+03 -4.27778e+00 -4.04612e-02
2.00149e+02 1.70156e+03 1.70200e+03 -5.94444e+00 1.20605e+00
2.00951e+02 1.71256e+03 2.10411e+03 1.49278e+02 4.31478e-01
2.01753e+02 1.71289e+03 2.11011e+03 1.55278e+02 4.23952e-01
2.02554e+02 1.71678e+03 2.12756e+03 1.59278e+02 4.36107e-01
2.03356e+02 1.71767e+03 2.12767e+03 1.66500e+02 4.20846e-01
2.04158e+02 1.71800e+03 2.13856e+03 1.70500e+02 4.36959e-01
2.04960e+02 1.71833e+03 2.14089e+03 1.68611e+02 4.19854e-01
2.05761e+02 1.71956e+03 2.14989e+03 1.70278e+02 4.25420e-01
2.06563e+02 1.72178e+03 2.15133e+03 1.74500e+02 4.25503e-01
2.07364e+02 1.71867e+03 2.16033e+03 1.74056e+02 4.28739e-01
2.08166e+02 1.72111e+03 2.16189e+03 1.78833e+02 4.38137e-01
2.08967e+02 1.72222e+03 2.16522e+03 1.78944e+02 4.16663e-01
2.09768e+02 1.72078e+03 2.16856e+03 1.79944e+02 4.41260e-01
2.10569e+02 1.71756e+03 2.16967e+03 1.79611e+02 4.21019e-01
2.11370e+02 1.71967e+03 2.17289e+03 1.85722e+02 4.14044e-01
2.12172e+02 1.72189e+03 2.18333e+03 1.88611e+02 4.21996e-01
2.12973e+02 1.71956e+03 2.18633e+03 1.84722e+02 4.37055e-01
2.13773e+02 1.72267e+03 2.18456e+03 1.88500e+02 4.35217e-01
2.14574e+02 1.72533e+03 2.18544e+03 1.93389e+02 4.33721e-01
2.15375e+02 1.72178e+03 2.18511e+03 1.90944e+02 4.27884e-01
2.16176e+02 1.72089e+03 2.19056e+03 1.88167e+02 4.36664e-01
2.16977e+02 1.72267e+03 2.19411e+03 1.89500e+02 4.24261e-01
2.17777e+02 1.72256e+03 2.20089e+03 1.90389e+02 4.32662e-01
2.18578e+02 1.72300e+03 2.19489e+03 1.89167e+02 4.23484e-01
2.19378e+02 1.72300e+03 2.19656e+03 1.94722e+02 4.25922e-01
2.20179e+02 1.72489e+03 2.20089e+03 1.95278e+02 4.33334e-01
2.20979e+02 1.72400e+03 2.19811e+03 1.90056e+02 4.38318e-01
2.21779e+02 1.72678e+03 2.19744e+03 1.91944e+02 4.21304e-01
2.22579e+02 1.72333e+03 2.19311e+03 1.90389e+02 4.37269e-01
2.23380e+02 1.72189e+03 2.19833e+03 1.88167e+02 4.37546e-01
2.24180e+02 1.72700e+03 2.20422e+03 1.93944e+02 4.58641e-01
2.24980e+02 1.72411e+03 2.20667e+03 1.96611e+02 4.25573e-01
2.25780e+02 1.72511e+03 2.19133e+03 1.86944e+02 4.31645e-01
2.26579e+02 1.72411e+03 2.18911e+03 1.85500e+02 4.45956e-01
2.27379e+02 1.72644e+03 2.17222e+03 1.80833e+02 4.37885e-01
2.28179e+02 1.73589e+03 2.17356e+03 1.87722e+02 4.33824e-01
2.28979e+02 1.72600e+03 2.15900e+03 1.78056e+02 4.21420e-01
2.29778e+02 1.72522e+03 2.14656e+03 1.69167e+02 4.36802e-01
2.30578e+02 1.72600e+03 2.13689e+03 1.65389e+02 4.47251e-01
2.31377e+02 1.72644e+03 2.12567e+03 1.59056e+02 4.50741e-01
2.32177e+02 1.72222e+03 2.11989e+03 1.53389e+02 4.43622e-01
2.32976e+02 1.72389e+03 2.12144e+03 1.52167e+02 4.51114e-01
2.33775e+02 1.72611e+03 2.12900e+03 1.53389e+02 4.73311e-01
2.34575e+02 1.72400e+03 2.13556e+03 1.57167e+02 4.67773e-01
2.35374e+02 1.72322e+03 2.13311e+03 1.54722e+02 4.67965e-01
2.36173e+02 1.72833e+03 2.14989e+03 1.59944e+02 4.62903e-01
2.36972e+02 1.72678e+03 2.15822e+03 1.64833e+02 4.46781e-01
2.37771e+02 1.72422e+03 2.16922e+03 1.68167e+02 4.81167e-01
2.38570e+02 1.72333e+03 2.18911e+03 1.71278e+02 4.79807e-01
2.39368e+02 1.72478e+03 2.20078e+03 1.76056e+02 4.81244e-01
2.40167e+02 1.72511e+03 2.21856e+03 1.83722e+02 4.84593e-01
2.40966e+02 1.72578e+03 2.23433e+03 1.87167e+02 4.73807e-01
2.41764e+02 1.72433e+03 2.24967e+03 1.95611e+02 4.58498e-01
2.42563e+02 1.72300e+03 2.26156e+03 1.94500e+02 4.76398e-01
2.43361e+02 1.72322e+03 2.26178e+03 1.95167e+02 4.80503e-01
2.44160e+02 1.72300e+03 2.27067e+03 1.97611e+02 4.64945e-01
2.44958e+02 1.72256e+03 2.27867e+03 1.94278e+02 4.88920e-01
2.45756e+02 1.72389e+03 2.27522e+03 1.90500e+02 5.12726e-01
2.46555e+02 1.72211e+03 2.27500e+03 1.88944e+02 4.93590e-01
2.47353e+02 1.72422e+03 2.27444e+03 1.85500e+02 5.03412e-01
2.48151e+02 1.72467e+03 2.27356e+03 1.81167e+02 5.29012e-01
2.48949e+02 1.72111e+03 2.26722e+03 1.69167e+02 5.50602e-01
2.49747e+02 1.72500e+03 2.26000e+03 1.68389e+02 5.49006e-01
2.50545e+02 1.72622e+03 2.26078e+03 1.66056e+02 5.64478e-01
2.51342e+02 1.72422e+03 2.25411e+03 1.59722e+02 5.73709e-01
2.52140e+02 1.72500e+03 2.25656e+03 1.51722e+02 5.74338e-01
2.52938e+02 1.72344e+03 2.24600e+03 1.39833e+02 6.36008e-01
2.53735e+02 1.72867e+03 2.24544e+03 1.42500e+02 6.31617e-01
2.54533e+02 1.72522e+03 2.23744e+03 1.27611e+02 6.75138e-01
2.55330e+02 1.72367e+03 2.22900e+03 1.21389e+02 7.16131e-01
2.56128e+02 1.72456e+03 2.22133e+03 1.11389e+02 7.35668e-01
2.56925e+02 1.72378e+03 2.21444e+03 9.95000e+01 7.71389e-01
2.57722e+02 1.72444e+03 2.21078e+03 9.59444e+01 8.14163e-01
2.58520e+02 1.72111e+03 2.21544e+03 8.89444e+01 8.50496e-01
2.59317e+02 1.72056e+03 2.21611e+03 8.05000e+01 8.70669e-01
2.60114e+02 1.72456e+03 2.23122e+03 7.97222e+01 9.39136e-01
2.60911e+02 1.72522e+03 2.24244e+03 7.79444e+01 9.31530e-01
2.61708e+02 1.72244e+03 2.25356e+03 7.71667e+01 9.26966e-01
2.62505e+02 1.72578e+03 2.27067e+03 7.71667e+01 9.95795e-01
2.63301e+02 1.72411e+03 2.28589e+03 7.06111e+01 1.02986e+00
2.64098e+02 1.72311e+03 2.30178e+03 7.15000e+01 1.01039e+00
2.64895e+02 1.72633e+03 2.32744e+03 7.26111e+01 1.06122e+00
2.65691e+02 1.72100e+03 2.34833e+03 6.82778e+01 1.07529e+00
2.66488e+02 1.72333e+03 2.37656e+03 7.00556e+01 1.10940e+00
2.67284e+02 1.72333e+03 2.40144e+03 6.63889e+01 1.12738e+00
2.68081e+02 1.72267e+03 2.42800e+03 6.81667e+01 1.17008e+00
2.68877e+02 1.72411e+03 2.46033e+03 6.96111e+01 1.15676e+00
2.69673e+02 1.72333e+03 2.48722e+03 6.57222e+01 1.22811e+00
2.70469e+02 1.72422e+03 2.52578e+03 6.76111e+01 1.25548e+00
2.71265e+02 1.72456e+03 2.56244e+03 6.81667e+01 1.21071e+00
2.72062e+02 1.72344e+03 2.59011e+03 6.92778e+01 1.20434e+00
2.72857e+02 1.72333e+03 2.63333e+03 6.93889e+01 1.28032e+00
2.73653e+02 1.72233e+03 2.66600e+03 6.52778e+01 1.31588e+00
2.74449e+02 1.72633e+03 2.71167e+03 6.79444e+01 1.35251e+00
2.75245e+02 1.72400e+03 2.73522e+03 6.43889e+01 1.31198e+00
2.76041e+02 1.72400e+03 2.76811e+03 6.51667e+01 1.36624e+00
2.76836e+02 1.72278e+03 2.82233e+03 6.56111e+01 1.35168e+00
2.77632e+02 1.72667e+03 2.89411e+03 6.68333e+01 1.42696e+00
2.78427e+02 1.72433e+03 3.10956e+03 6.92778e+01 1.48415e+00
2.79223e+02 1.72289e+03 3.68856e+03 6.81667e+01 1.58956e+00
2.80018e+02 1.72022e+03 4.87100e+03 7.47222e+01 1.72663e+00
2.80813e+02 1.72744e+03 6.45111e+03 8.01667e+01 1.91675e+00
2.81609e+02 1.72267e+03 7.95489e+03 8.29444e+01 1.99669e+00
2.82404e+02 1.72544e+03 8.93811e+03 8.82778e+01 2.00830e+00
2.83199e+02 1.72200e+03 9.95678e+03 9.15000e+01 2.02660e+00
2.83994e+02 1.72611e+03 1.22042e+04 1.06056e+02 2.07187e+00
2.84789e+02 1.72600e+03 1.51193e+04 1.17944e+02 2.14883e+00
2.85584e+02 1.72522e+03 1.71520e+04 1.30056e+02 2.15689e+00
2.86379e+02 1.72544e+03 1.84130e+04 1.40611e+02 2.14742e+00
2.87173e+02 1.72567e+03 1.91451e+04 1.50278e+02 2.12318e+00
2.87968e+02 1.72367e+03 1.97018e+04 1.58056e+02 2.12037e+00
2.88763e+02 1.72356e+03 2.01198e+04 1.66056e+02 2.09356e+00
2.89557e+02 1.73011e+03 2.03616e+04 1.78389e+02 2.07949e+00
2.90352e+02 1.72556e+03 2.06093e+04 1.82944e+02 2.05877e+00
2.91146e+02 1.72533e+03 2.09421e+04 1.91167e+02 2.05247e+00
2.91940e+02 1.72700e+03 2.13302e+04 2.05167e+02 2.02479e+00
2.92735e+02 1.72578e+03 2.18622e+04 2.17833e+02 2.01305e+00
2.93529e+02 1.72567e+03 2.23323e+04 2.31278e+02 1.98784e+00
2.94323e+02 1.72567e+03 2.28427e+04 2.42500e+02 1.96466e+00
2.95117e+02 1.72678e+03 2.31391e+04 2.61722e+02 1.94819e+00
2.95911e+02 1.72433e+03 2.32503e+04 2.71167e+02 1.93669e+00
2.96705e+02 1.72378e+03 2.31740e+04 2.81056e+02 1.90955e+00
2.97499e+02 1.72356e+03 2.29361e+04 2.93167e+02 1.88670e+00
2.98293e+02 1.72222e+03 2.25014e+04 3.03500e+02 1.85329e+00
2.99086e+02 1.72667e+03 2.19967e+04 3.07833e+02 1.84279e+00
2.99880e+02 1.72500e+03 2.12942e+04 3.09944e+02 1.82759e+00
3.00673e+02 1.72511e+03 2.05686e+04 3.18056e+02 1.80324e+00
3.01467e+02 1.72411e+03 1.97360e+04 3.18389e+02 1.77943e+00
3.02260e+02 1.72322e+03 1.88980e+04 3.14500e+02 1.76066e+00
3.03054e+02 1.72422e+03 1.81823e+04 3.22833e+02 1.74107e+00
3.03847e+02 1.72500e+03 1.78553e+04 3.31167e+02 1.72401e+00
3.04640e+02 1.72389e+03 1.80376e+04 3.48389e+02 1.69325e+00
3.05433e+02 1.72367e+03 1.86576e+04 3.71944e+02 1.67849e+00
3.06227e+02 1.73222e+03 1.95424e+04 4.11056e+02 1.66050e+00
3.07020e+02 1.72422e+03 2.02531e+04 4.33389e+02 1.64845e+00
3.07813e+02 1.72389e+03 2.05279e+04 4.49611e+02 1.63660e+00
3.08605e+02 1.72156e+03 2.01804e+04 4.64722e+02 1.61667e+00
3.09398e+02 1.72267e+03 1.92162e+04 4.56722e+02 1.59907e+00
3.10191e+02 1.72322e+03 1.80900e+04 4.51500e+02 1.57494e+00
3.10984e+02 1.72400e+03 1.78152e+04 4.57500e+02 1.56621e+00
3.11776e+02 1.72222e+03 1.89231e+04 4.92611e+02 1.55369e+00
3.12569e+02 1.72456e+03 2.04804e+04 5.48167e+02 1.54539e+00
3.13361e+02 1.72511e+03 2.17351e+04 5.92611e+02 1.54388e+00
3.14154e+02 1.72589e+03 2.24341e+04 6.29833e+02 1.53140e+00
3.14946e+02 1.72311e+03 2.27007e+04 6.47056e+02 1.52454e+00
3.15738e+02 1.72500e+03 2.26748e+04 6.66056e+02 1.51014e+00
3.16530e+02 1.72633e+03 2.25289e+04 6.72056e+02 1.50453e+00
3.17323e+02 1.72567e+03 2.21703e+04 6.77389e+02 1.49541e+00
3.18115e+02 1.72322e+03 2.17503e+04 6.71944e+02 1.49278e+00
3.18907e+02 1.72344e+03 2.12217e+04 6.66278e+02 1.47225e+00
3.19698e+02 1.72667e+03 2.07410e+04 6.61056e+02 1.46900e+00
3.20490e+02 1.72389e+03 2.02269e+04 6.55278e+02 1.46149e+00
3.21282e+02 1.72378e+03 1.98239e+04 6.53833e+02 1.45356e+00
3.22074e+02 1.72456e+03 1.95133e+04 6.60944e+02 1.44411e+00
3.22865e+02 1.72289e+03 1.93156e+04 6.66722e+02 1.43233e+00
3.23657e+02 1.72711e+03 1.92554e+04 6.74167e+02 1.43151e+00
3.24448e+02 1.72533e+03 1.93567e+04 6.82278e+02 1.42661e+00
3.25240e+02 1.72267e+03 1.95122e+04 6.98389e+02 1.41574e+00
3.26031e+02 1.72356e+03 1.96326e+04 7.12611e+02 1.41433e+00
3.26823e+02 1.72544e+03 1.97278e+04 7.27056e+02 1.40229e+00
3.27614e+02 1.72344e+03 1.96820e+04 7.33389e+02 1.40044e+00
3.28405e+02 1.72867e+03 1.96596e+04 7.45278e+02 1.39591e+00
3.29196e+02 1.72300e+03 1.96498e+04 7.45833e+02 1.39420e+00
3.29987e+02 1.72344e+03 1.98552e+04 7.64167e+02 1.38882e+00
3.30778e+02 1.72578e+03 2.03580e+04 7.96611e+02 1.38336e+00
3.31569e+02 1.72056e+03 2.10114e+04 8.17500e+02 1.38100e+00
3.32360e+02 1.72367e+03 2.14969e+04 8.52944e+02 1.37649e+00
3.33150e+02 1.72800e+03 2.17392e+04 8.74833e+02 1.37294e+00
3.33941e+02 1.72522e+03 2.17621e+04 8.77389e+02 1.36738e+00
3.34731e+02 1.72467e+03 2.16604e+04 8.88278e+02 1.35965e+00
3.35522e+02 1.72667e+03 2.16119e+04 9.02500e+02 1.35390e+00
3.36312e+02 1.72367e+03 2.18023e+04 9.19944e+02 1.34964e+00
3.37103e+02 1.72422e+03 2.22157e+04 9.48611e+02 1.34032e+00
3.37893e+02 1.72522e+03 2.25392e+04 9.78833e+02 1.33742e+00
3.38683e+02 1.72444e+03 2.26802e+04 1.00361e+03 1.32821e+00
3.39473e+02 1.72678e+03 2.25892e+04 1.00672e+03 1.32642e+00
3.40264e+02 1.72589e+03 2.24091e+04 1.00850e+03 1.32051e+00
3.41054e+02 1.72267e+03 2.22051e+04 1.01594e+03 1.31365e+00
3.41844e+02 1.72578e+03 2.18718e+04 1.01628e+03 1.30736e+00
3.42633e+02 1.72311e+03 2.14406e+04 1.01450e+03 1.29680e+00
3.43423e+02 1.72356e+03 2.09066e+04 1.00306e+03 1.29192e+00
3.44213e+02 1.72789e+03 2.03728e+04 9.93944e+02 1.28273e+00
3.45003e+02 1.72533e+03 1.99329e+04 9.89833e+02 1.27580e+00
3.45792e+02 1.72433e+03 1.96107e+04 9.87500e+02 1.26639e+00
3.46582e+02 1.72411e+03 1.94144e+04 9.86389e+02 1.26211e+00
3.47371e+02 1.72433e+03 1.92706e+04 9.95389e+02 1.25400e+00
3.48161e+02 1.72589e+03 1.92342e+04 1.01894e+03 1.24221e+00
3.48950e+02 1.72700e+03 1.91400e+04 1.02961e+03 1.23740e+00
3.49739e+02 1.72522e+03 1.90753e+04 1.03461e+03 1.23342e+00
3.50528e+02 1.72244e+03 1.89400e+04 1.05039e+03 1.22127e+00
3.51317e+02 1.72789e+03 1.87333e+04 1.06528e+03 1.21141e+00
3.52106e+02 1.72300e+03 1.84013e+04 1.05628e+03 1.20515e+00
3.52895e+02 1.72389e+03 1.80164e+04 1.05306e+03 1.19607e+00
3.53684e+02 1.72633e+03 1.76248e+04 1.05483e+03 1.18440e+00
3.54473e+02 1.72600e+03 1.73256e+04 1.04683e+03 1.18175e+00
3.55262e+02 1.72311e+03 1.71782e+04 1.05672e+03 1.17120e+00
3.56051e+02 1.72333e+03 1.72236e+04 1.06672e+03 1.17115e+00
3.56839e+02 1.72678e+03 1.75107e+04 1.11139e+03 1.16106e+00
3.57628e+02 1.72389e+03 1.77949e+04 1.14250e+03 1.15745e+00
3.58416e+02 1.72378e+03 1.80167e+04 1.17817e+03 1.14733e+00
3.59205e+02 1.72667e+03 1.80041e+04 1.18361e+03 1.14495e+00
3.59993e+02 1.72489e+03 1.78603e+04 1.19961e+03 1.13654e+00
3.60781e+02 1.72411e+03 1.74948e+04 1.18539e+03 1.13075e+00
3.61569e+02 1.72556e+03 1.71069e+04 1.18094e+03 1.12283e+00
3.62357e+02 1.72411e+03 1.69709e+04 1.19728e+03 1.11177e+00
3.63145e+02 1.72233e+03 1.70966e+04 1.22550e+03 1.10571e+00
3.63933e+02 1.72356e+03 1.74903e+04 1.28472e+03 1.09517e+00
3.64721e+02 1.72389e+03 1.79698e+04 1.35206e+03 1.08345e+00
3.65509e+02 1.72422e+03 1.83831e+04 1.41494e+03 1.07672e+00
3.66297e+02 1.72600e+03 1.86216e+04 1.47017e+03 1.06524e+00
3.67085e+02 1.72311e+03 1.87540e+04 1.50439e+03 1.06011e+00
3.67872e+02 1.72300e+03 1.86233e+04 1.55072e+03 1.04149e+00
3.68660e+02 1.72411e+03 1.81222e+04 1.55728e+03 1.02440e+00
3.69447e+02 1.72311e+03 1.77048e+04 1.56172e+03 1.01626e+00
3.70235e+02 1.72422e+03 1.72519e+04 1.55850e+03 1.00249e+00
3.71022e+02 1.72667e+03 1.69784e+04 1.57528e+03 9.92467e-01
3.71809e+02 1.72356e+03 1.70568e+04 1.60739e+03 9.83508e-01
3.72596e+02 1.72433e+03 1.72346e+04 1.67117e+03 9.72794e-01
3.73383e+02 1.72367e+03 1.76261e+04 1.73839e+03 9.64669e-01
3.74170e+02 1.72656e+03 1.79642e+04 1.80539e+03 9.59146e-01
3.74957e+02 1.72233e+03 1.81504e+04 1.86783e+03 9.45904e-01
3.75744e+02 1.72056e+03 1.81271e+04 1.88306e+03 9.45027e-01
3.76531e+02 1.72200e+03 1.76384e+04 1.87217e+03 9.35293e-01
3.77318e+02 1.72500e+03 1.75141e+04 1.91283e+03 9.23324e-01
3.78105e+02 1.72644e+03 1.80703e+04 2.00594e+03 9.15312e-01
3.78891e+02 1.72133e+03 1.92501e+04 2.15894e+03 9.12311e-01
3.79678e+02 1.72256e+03 2.04548e+04 2.32039e+03 9.09701e-01
3.80464e+02 1.72178e+03 2.07939e+04 2.38794e+03 9.05340e-01
3.81251e+02 1.72344e+03 2.11294e+04 2.45717e+03 8.97756e-01
3.82037e+02 1.72433e+03 2.11237e+04 2.50194e+03 8.91508e-01
3.82823e+02 1.72444e+03 2.13811e+04 2.56194e+03 8.87623e-01
3.83609e+02 1.72633e+03 2.11734e+04 2.57161e+03 8.80986e-01
3.84395e+02 1.72656e+03 2.09863e+04 2.56350e+03 8.78758e-01
3.85181e+02 1.72578e+03 2.05979e+04 2.55039e+03 8.73498e-01
3.85967e+02 1.72211e+03 2.02158e+04 2.52717e+03 8.68336e-01
3.86753e+02 1.72344e+03 2.00226e+04 2.54717e+03 8.63080e-01
3.87539e+02 1.72689e+03 2.01839e+04 2.60839e+03 8.54928e-01
3.88325e+02 1.72567e+03 2.03541e+04 2.66494e+03 8.47040e-01
3.89110e+02 1.72533e+03 2.02456e+04 2.66272e+03 8.46869e-01
3.89896e+02 1.72322e+03 1.96504e+04 2.62306e+03 8.37904e-01
3.90682e+02 1.72456e+03 1.97120e+04 2.68717e+03 8.30489e-01
3.91467e+02 1.72322e+03 2.02022e+04 2.78072e+03 8.24984e-01
3.92252e+02 1.72233e+03 2.08651e+04 2.91428e+03 8.19501e-01
3.93038e+02 1.72267e+03 2.16916e+04 3.07394e+03 8.15324e-01
3.93823e+02 1.72367e+03 2.15229e+04 3.07994e+03 8.10088e-01
3.94608e+02 1.72433e+03 2.13101e+04 3.08217e+03 8.06060e-01
3.95393e+02 1.72322e+03 2.19723e+04 3.22828e+03 7.99978e-01
3.96178e+02 1.72122e+03 2.26354e+04 3.36839e+03 7.94817e-01
3.96963e+02 1.72211e+03 2.38059e+04 3.58694e+03 7.90680e-01
3.97748e+02 1.72456e+03 2.52278e+04 3.84128e+03 7.90146e-01
3.98533e+02 1.72667e+03 2.64328e+04 4.06728e+03 7.83597e-01
3.99318e+02 1.72411e+03 2.59879e+04 4.02017e+03 7.81401e-01
4.00102e+02 1.72644e+03 2.45403e+04 3.83006e+03 7.75925e-01
4.00887e+02 1.72522e+03 2.37208e+04 3.73861e+03 7.71720e-01
4.01671e+02 1.72356e+03 2.34524e+04 3.72128e+03 7.67105e-01
4.02456e+02 1.72522e+03 2.28631e+04 3.65528e+03 7.64131e-01
4.03240e+02 1.72500e+03 2.26674e+04 3.65894e+03 7.56641e-01
4.04025e+02 1.72400e+03 2.26233e+04 3.67806e+03 7.56089e-01
4.04809e+02 1.72489e+03 2.27159e+04 3.74261e+03 7.51407e-01
4.05593e+02 1.72333e+03 2.26234e+04 3.74828e+03 7.47442e-01
4.06377e+02 1.72367e+03 2.16311e+04 3.59672e+03 7.44813e-01
4.07161e+02 1.72256e+03 2.02384e+04 3.38617e+03 7.39515e-01
4.07945e+02 1.72222e+03 1.98798e+04 3.35039e+03 7.36190e-01
4.08729e+02 1.72400e+03 2.02036e+04 3.42739e+03 7.35043e-01
4.09513e+02 1.72344e+03 2.02166e+04 3.45528e+03 7.30463e-01
4.10296e+02 1.72533e+03 1.97941e+04 3.39361e+03 7.27054e-01
4.11080e+02 1.72111e+03 1.92604e+04 3.31917e+03 7.25869e-01
4.11863e+02 1.72400e+03 1.93110e+04 3.35850e+03 7.21398e-01
4.12647e+02 1.72344e+03 1.99583e+04 3.48883e+03 7.21333e-01
4.13430e+02 1.72756e+03 2.08671e+04 3.68406e+03 7.16829e-01
4.14214e+02 1.72544e+03 2.13199e+04 3.77483e+03 7.16213e-01
4.14997e+02 1.72144e+03 2.14453e+04 3.80828e+03 7.14348e-01
4.15780e+02 1.72222e+03 2.17734e+04 3.88817e+03 7.15237e-01
4.16563e+02 1.72467e+03 2.21547e+04 3.99494e+03 7.09796e-01
4.17346e+02 1.72356e+03 2.23533e+04 4.03506e+03 7.10544e-01
4.18129e+02 1.72667e+03 2.25743e+04 4.10261e+03 7.06995e-01
4.18912e+02 1.72611e+03 2.29481e+04 4.21594e+03 7.03522e-01
4.19695e+02 1.72600e+03 2.37766e+04 4.41428e+03 6.98905e-01
4.20478e+02 1.72400e+03 2.48970e+04 4.66750e+03 6.94499e-01
4.21261e+02 1.72411e+03 2.65810e+04 4.99583e+03 6.97852e-01
4.22043e+02 1.72611e+03 2.77702e+04 5.21417e+03 6.99142e-01
4.22826e+02 1.72500e+03 2.66838e+04 5.03806e+03 6.96607e-01
4.23608e+02 1.72422e+03 2.54273e+04 4.81917e+03 6.92081e-01
4.24391e+02 1.72289e+03 2.48104e+04 4.71861e+03 6.91347e-01
4.25173e+02 1.72467e+03 2.44798e+04 4.68017e+03 6.89739e-01
4.25955e+02 1.72400e+03 2.36957e+04 4.55039e+03 6.86202e-01
4.26737e+02 1.72500e+03 2.27158e+04 4.37717e+03 6.81866e-01
4.27520e+02 1.72356e+03 2.28711e+04 4.43972e+03 6.78850e-01
4.28302e+02 1.72633e+03 2.32013e+04 4.53483e+03 6.77723e-01
4.29084e+02 1.72378e+03 2.36902e+04 4.64850e+03 6.75769e-01
4.29865e+02 1.72578e+03 2.48442e+04 4.85050e+03 6.79197e-01
4.30647e+02 1.72433e+03 2.43851e+04 4.73006e+03 6.81280e-01
4.31429e+02 1.72244e+03 2.13129e+04 4.09928e+03 6.79534e-01
4.32211e+02 1.72644e+03 1.77229e+04 3.42661e+03 6.71283e-01
4.32992e+02 1.72278e+03 1.58222e+04 3.06528e+03 6.65686e-01
4.33774e+02 1.72611e+03 1.48278e+04 2.86428e+03 6.63147e-01
4.34555e+02 1.72367e+03 1.35162e+04 2.57017e+03 6.67702e-01
4.35337e+02 1.73078e+03 1.10197e+04 2.04728e+03 6.62699e-01
4.36118e+02 1.72556e+03 9.56300e+03 1.73261e+03 6.58622e-01
4.36899e+02 1.72622e+03 8.39867e+03 1.48283e+03 6.58375e-01
4.37680e+02 1.72067e+03 7.30044e+03 1.24494e+03 6.56521e-01
4.38461e+02 1.72422e+03 6.57222e+03 1.10050e+03 6.49794e-01
4.39242e+02 1.72456e+03 6.19333e+03 1.01861e+03 6.50373e-01
4.40023e+02 1.72200e+03 6.00289e+03 9.89944e+02 6.41702e-01
4.40804e+02 1.72522e+03 6.17878e+03 1.03217e+03 6.39365e-01
4.41585e+02 1.72544e+03 6.64700e+03 1.13928e+03 6.36860e-01
4.42366e+02 1.72533e+03 6.96078e+03 1.20772e+03 6.42389e-01
4.43146e+02 1.72611e+03 7.11722e+03 1.25783e+03 6.36769e-01
4.43927e+02 1.72744e+03 7.27944e+03 1.29417e+03 6.35947e-01
4.44707e+02 1.72656e+03 7.08811e+03 1.24650e+03 6.37104e-01
4.45488e+02 1.72533e+03 6.74456e+03 1.18172e+03 6.33132e-01
4.46268e+02 1.72589e+03 6.32822e+03 1.09450e+03 6.31937e-01
4.47048e+02 1.72656e+03 5.99744e+03 1.02106e+03 6.30038e-01
4.47828e+02 1.72211e+03 5.67389e+03 9.44611e+02 6.26824e-01
4.48609e+02 1.72544e+03 5.45456e+03 9.05611e+02 6.23710e-01
4.49389e+02 1.72211e+03 5.33511e+03 8.79722e+02 6.18001e-01
4.50169e+02 1.72589e+03 5.19544e+03 8.62611e+02 6.13925e-01
4.50948e+02 1.72211e+03 5.05500e+03 8.26944e+02 6.20043e-01
4.51728e+02 1.72722e+03 4.95756e+03 8.10500e+02 6.14456e-01
4.52508e+02 1.72544e+03 4.87878e+03 7.91167e+02 6.09158e-01
4.53288e+02 1.72456e+03 4.78011e+03 7.63500e+02 6.21545e-01
4.54067e+02 1.72244e+03 4.70489e+03 7.55389e+02 6.08820e-01
4.54847e+02 1.72533e+03 4.67567e+03 7.50278e+02 6.02468e-01
4.55626e+02 1.72500e+03 4.67633e+03 7.62389e+02 5.99744e-01
4.56406e+02 1.72400e+03 4.72056e+03 7.68389e+02 5.97317e-01
4.57185e+02 1.72656e+03 4.79667e+03 7.87389e+02 6.00831e-01
4.57964e+02 1.72422e+03 4.88089e+03 8.05278e+02 6.06997e-01
4.58743e+02 1.72533e+03 4.96456e+03 8.35500e+02 5.92210e-01
4.59522e+02 1.72433e+03 5.01367e+03 8.52500e+02 5.93879e-01
4.60301e+02 1.72989e+03 5.03100e+03 8.60611e+02 5.96748e-01
4.61080e+02 1.72500e+03 4.98656e+03 8.51833e+02 5.90220e-01
4.61859e+02 1.72589e+03 4.90700e+03 8.32722e+02 5.90918e-01
4.62638e+02 1.72200e+03 4.81111e+03 8.10611e+02 5.86981e-01
4.63417e+02 1.72322e+03 4.72767e+03 7.92611e+02 5.87165e-01
4.64195e+02 1.72556e+03 4.68911e+03 7.86833e+02 5.83326e-01
4.64974e+02 1.72411e+03 4.62711e+03 7.72056e+02 5.86681e-01
4.65752e+02 1.72667e+03 4.57433e+03 7.56167e+02 5.87103e-01
4.66531e+02 1.72500e+03 4.51611e+03 7.44833e+02 5.82400e-01
4.67309e+02 1.72122e+03 4.46233e+03 7.26056e+02 5.80969e-01
4.68087e+02 1.72522e+03 4.42844e+03 7.29056e+02 5.78652e-01
4.68865e+02 1.72422e+03 4.39533e+03 7.21500e+02 5.78757e-01
4.69644e+02 1.72344e+03 4.35944e+03 7.12611e+02 5.76861e-01
4.70422e+02 1.72589e+03 4.33644e+03 7.18278e+02 5.71399e-01
4.71200e+02 1.72389e+03 4.32389e+03 7.15500e+02 5.67924e-01
4.71977e+02 1.72489e+03 4.31511e+03 7.15278e+02 5.73454e-01
4.72755e+02 1.72267e+03 4.33100e+03 7.16500e+02 5.70654e-01
4.73533e+02 1.72733e+03 4.34522e+03 7.33500e+02 5.61042e-01
4.74311e+02 1.72578e+03 4.35489e+03 7.37167e+02 5.67391e-01
4.75088e+02 1.72522e+03 4.39933e+03 7.47167e+02 5.61144e-01
4.75866e+02 1.72378e+03 4.41378e+03 7.54056e+02 5.62209e-01
4.76643e+02 1.72356e+03 4.44111e+03 7.67833e+02 5.54253e-01
4.77420e+02 1.72778e+03 4.48144e+03 7.73833e+02 5.67702e-01
4.78198e+02 1.72678e+03 4.49567e+03 7.88944e+02 5.52542e-01
4.78975e+02 1.72433e+03 4.53867e+03 7.92500e+02 5.59846e-01
4.79752e+02 1.72300e+03 4.56700e+03 8.03611e+02 5.59452e-01
4.80529e+02 1.72611e+03 4.58522e+03 8.10167e+02 5.52099e-01
4.81306e+02 1.72378e+03 4.61378e+03 8.18278e+02 5.53714e-01
4.82083e+02 1.72500e+03 4.62622e+03 8.27500e+02 5.55970e-01
4.82860e+02 1.72511e+03 4.62978e+03 8.31611e+02 5.52716e-01
4.83637e+02 1.72689e+03 4.64678e+03 8.40278e+02 5.45545e-01
4.84413e+02 1.72544e+03 4.67389e+03 8.50167e+02 5.48111e-01
4.85190e+02 1.72433e+03 4.75511e+03 8.72722e+02 5.46851e-01
4.85966e+02 1.72633e+03 4.81122e+03 8.92500e+02 5.48108e-01
4.86743e+02 1.72267e+03 4.80711e+03 8.95833e+02 5.45247e-01
4.87519e+02 1.72611e+03 4.69156e+03 8.76278e+02 5.43746e-01
4.88295e+02 1.72533e+03 4.66656e+03 8.72944e+02 5.37897e-01
4.89072e+02 1.72644e+03 4.67578e+03 8.78500e+02 5.31601e-01
4.89848e+02 1.72167e+03 4.67600e+03 8.73722e+02 5.37287e-01
4.90624e+02 1.72600e+03 4.66878e+03 8.87944e+02 5.28594e-01
4.91400e+02 1.72411e+03 4.65833e+03 8.83944e+02 5.28147e-01
4.92176e+02 1.72233e+03 4.65578e+03 8.83278e+02 5.29934e-01
4.92952e+02 1.72789e+03 4.64889e+03 8.91278e+02 5.23741e-01
4.93727e+02 1.72322e+03 4.64022e+03 8.95389e+02 5.14148e-01
4.94503e+02 1.72933e+03 4.61467e+03 8.91722e+02 5.21473e-01
4.95279e+02 1.72533e+03 4.60689e+03 9.01278e+02 5.09684e-01
4.96054e+02 1.72300e+03 4.58111e+03 8.92722e+02 5.06754e-01
4.96830e+02 1.72378e+03 4.57189e+03 8.95056e+02 5.10970e-01
4.97605e+02 1.72267e+03 4.54856e+03 8.93722e+02 5.07350e-01
4.98380e+02 1.72556e+03 4.53511e+03 8.89944e+02 5.03105e-01
4.99156e+02 1.72244e+03 4.48833e+03 8.91167e+02 5.01746e-01
4.99931e+02 1.72367e+03 4.48122e+03 8.95833e+02 4.96498e-01
5.00706e+02 1.72622e+03 4.46844e+03 8.99611e+02 4.91307e-01
5.01481e+02 1.72456e+03 4.44667e+03 9.05722e+02 4.88675e-01
5.02256e+02 1.72411e+03 4.44033e+03 9.06278e+02 4.83574e-01
5.03031e+02 1.72411e+03 4.41067e+03 9.04944e+02 4.76761e-01
5.03805e+02 1.72500e+03 4.40211e+03 9.10611e+02 4.76763e-01
5.04580e+02 1.72278e+03 4.38900e+03 9.19722e+02 4.71695e-01
5.05355e+02 1.72289e+03 4.37789e+03 9.30833e+02 4.62858e-01
5.06129e+02 1.72667e+03 4.37833e+03 9.45722e+02 4.57101e-01
5.06904e+02 1.72256e+03 4.38900e+03 9.52611e+02 4.56093e-01
5.07678e+02 1.72222e+03 4.39333e+03 9.75056e+02 4.45539e-01
5.08452e+02 1.72444e+03 4.41833e+03 9.93056e+02 4.34471e-01
5.09227e+02 1.72522e+03 4.42656e+03 9.93056e+02 4.42167e-01
5.10001e+02 1.72422e+03 4.45444e+03 1.03472e+03 4.31173e-01
5.10775e+02 1.72378e+03 4.47689e+03 1.06306e+03 4.21697e-01
5.11549e+02 1.72567e+03 4.49756e+03 1.07983e+03 4.16288e-01
5.12323e+02 1.72156e+03 4.53856e+03 1.10672e+03 4.07710e-01
5.13097e+02 1.72478e+03 4.58044e+03 1.14928e+03 4.00599e-01
5.13871e+02 1.72400e+03 4.62567e+03 1.17006e+03 3.99656e-01
5.14644e+02 1.72733e+03 4.65700e+03 1.20561e+03 3.92336e-01
5.15418e+02 1.72300e+03 4.71722e+03 1.22539e+03 3.90290e-01
5.16192e+02 1.72789e+03 4.76900e+03 1.27372e+03 3.81474e-01
5.16965e+02 1.72289e+03 4.80811e+03 1.31006e+03 3.76913e-01
5.17738e+02 1.72678e+03 4.87933e+03 1.33228e+03 3.73503e-01
5.18512e+02 1.72711e+03 4.94011e+03 1.36428e+03 3.76336e-01
5.19285e+02 1.72411e+03 5.00578e+03 1.39883e+03 3.75413e-01
5.20058e+02 1.72356e+03 5.04922e+03 1.43017e+03 3.69567e-01
5.20831e+02 1.72467e+03 5.11378e+03 1.45694e+03 3.63555e-01
5.21604e+02 1.72300e+03 5.16589e+03 1.47494e+03 3.71828e-01
5.22377e+02 1.72233e+03 5.21978e+03 1.51239e+03 3.72304e-01
5.23150e+02 1.72611e+03 5.29000e+03 1.53894e+03 3.69276e-01
5.23923e+02 1.72333e+03 5.35633e+03 1.56828e+03 3.67834e-01
5.24696e+02 1.72578e+03 5.42100e+03 1.58606e+03 3.69518e-01
5.25468e+02 1.72289e+03 5.48122e+03 1.61350e+03 3.66997e-01
5.26241e+02 1.72433e+03 5.55822e+03 1.63561e+03 3.72486e-01
5.27013e+02 1.72711e+03 5.61689e+03 1.66506e+03 3.71133e-01
5.27786e+02 1.72467e+03 5.66167e+03 1.69339e+03 3.64726e-01
5.28558e+02 1.72344e+03 5.72200e+03 1.69706e+03 3.72979e-01
5.29330e+02 1.72544e+03 5.79644e+03 1.72617e+03 3.71784e-01
5.30102e+02 1.72667e+03 5.85122e+03 1.75472e+03 3.74288e-01
5.30875e+02 1.72678e+03 5.90000e+03 1.77028e+03 3.79049e-01
5.31647e+02 1.72744e+03 5.97444e+03 1.79828e+03 3.77249e-01
5.32418e+02 1.72844e+03 6.04511e+03 1.81717e+03 3.74155e-01
5.33190e+02 1.72467e+03 6.09311e+03 1.84794e+03 3.75961e-01
5.33962e+02 1.72478e+03 6.14311e+03 1.85806e+03 3.79239e-01
5.34734e+02 1.74100e+03 6.21589e+03 1.89650e+03 3.78505e-01
5.35505e+02 1.72389e+03 6.24089e+03 1.91283e+03 3.71298e-01
5.36277e+02 1.72222e+03 6.29800e+03 1.92150e+03 3.80845e-01
5.37049e+02 1.72278e+03 6.33678e+03 1.94061e+03 3.83817e-01
5.37820e+02 1.72489e+03 6.37867e+03 1.96594e+03 3.80734e-01
5.38591e+02 1.72556e+03 6.42778e+03 1.98983e+03 3.73246e-01
5.39363e+02 1.72822e+03 6.47733e+03 2.00817e+03 3.79981e-01
5.40134e+02 1.72589e+03 6.50033e+03 2.00950e+03 3.80346e-01
5.40905e+02 1.72478e+03 6.53922e+03 2.02739e+03 3.78617e-01
5.41676e+02 1.72644e+03 6.58411e+03 2.03617e+03 3.83038e-01
5.42447e+02 1.72889e+03 6.63289e+03 2.05683e+03 3.83169e-01
5.43218e+02 1.72944e+03 6.65544e+03 2.06539e+03 3.78838e-01
5.43988e+02 1.73144e+03 6.67344e+03 2.07772e+03 3.79342e-01
5.44759e+02 1.73144e+03 6.71900e+03 2.08839e+03 3.75856e-01
5.45530e+02 1.72889e+03 6.72589e+03 2.10394e+03 3.79986e-01
5.46300e+02 1.72811e+03 6.73778e+03 2.10039e+03 3.78896e-01
5.47071e+02 1.72800e+03 6.76122e+03 2.10794e+03 3.81356e-01
5.47841e+02 1.72667e+03 6.76811e+03 2.11417e+03 3.78777e-01
5.48611e+02 1.72556e+03 6.78411e+03 2.12339e+03 3.79776e-01
5.49382e+02 1.72944e+03 6.78600e+03 2.11650e+03 3.82910e-01
5.50152e+02 1.72778e+03 6.77478e+03 2.12828e+03 3.75234e-01
5.50922e+02 1.72689e+03 6.79533e+03 2.12517e+03 3.77005e-01
5.51692e+02 1.72478e+03 6.81022e+03 2.12350e+03 3.80630e-01
5.52462e+02 1.72456e+03 6.79622e+03 2.12872e+03 3.77987e-01
5.53232e+02 1.72644e+03 6.80333e+03 2.13717e+03 3.78951e-01
5.54001e+02 1.72500e+03 6.80078e+03 2.12361e+03 3.81686e-01
5.54771e+02 1.72311e+03 6.80556e+03 2.12872e+03 3.83180e-01
5.55541e+02 1.72667e+03 6.80478e+03 2.13839e+03 3.80769e-01
5.56310e+02 1.72367e+03 6.81378e+03 2.13039e+03 3.78123e-01
5.57080e+02 1.72533e+03 6.82933e+03 2.14972e+03 3.78435e-01
5.57849e+02 1.72744e+03 6.86611e+03 2.15161e+03 3.80263e-01
5.58618e+02 1.72378e+03 6.86200e+03 2.15150e+03 3.85733e-01
5.59388e+02 1.72711e+03 6.86600e+03 2.16328e+03 3.85168e-01
5.60157e+02 1.72889e+03 6.89222e+03 2.16183e+03 3.81146e-01
5.60926e+02 1.72389e+03 6.90078e+03 2.16728e+03 3.81574e-01
5.61695e+02 1.72533e+03 6.92367e+03 2.17672e+03 3.83215e-01
5.62464e+02 1.72489e+03 6.93044e+03 2.18094e+03 3.84147e-01
5.63233e+02 1.72756e+03 6.95133e+03 2.19461e+03 3.79109e-01
5.64001e+02 1.72722e+03 6.97033e+03 2.20694e+03 3.81585e-01
5.64770e+02 1.72589e+03 6.97933e+03 2.20683e+03 3.78042e-01
5.65539e+02 1.72667e+03 7.00867e+03 2.21561e+03 3.78362e-01
5.66307e+02 1.72767e+03 7.04367e+03 2.22517e+03 3.77100e-01
5.67076e+02 1.73011e+03 7.06522e+03 2.24528e+03 3.80130e-01
5.67844e+02 1.73200e+03 7.10211e+03 2.26261e+03 3.74715e-01
5.68612e+02 1.72644e+03 7.10900e+03 2.27839e+03 3.74755e-01
5.69381e+02 1.72556e+03 7.12622e+03 2.28106e+03 3.76509e-01
5.70149e+02 1.72600e+03 7.18667e+03 2.30472e+03 3.74823e-01
5.70917e+02 1.72611e+03 7.21356e+03 2.30806e+03 3.79176e-01
5.71685e+02 1.72878e+03 7.25267e+03 2.33406e+03 3.81756e-01
5.72453e+02 1.72622e+03 7.25867e+03 2.33461e+03 3.77438e-01
5.73220e+02 1.72578e+03 7.30378e+03 2.34739e+03 3.75706e-01
5.73988e+02 1.72578e+03 7.30322e+03 2.35828e+03 3.76205e-01
5.74756e+02 1.72856e+03 7.32222e+03 2.36983e+03 3.76237e-01
5.75523e+02 1.72444e+03 7.32767e+03 2.36917e+03 3.76368e-01
5.76291e+02 1.72511e+03 7.32044e+03 2.36428e+03 3.76691e-01
5.77058e+02 1.72567e+03 7.35022e+03 2.38172e+03 3.75868e-01
5.77826e+02 1.72267e+03 7.36789e+03 2.39017e+03 3.76324e-01
5.78593e+02 1.72611e+03 7.39433e+03 2.40294e+03 3.72145e-01
5.79360e+02 1.72711e+03 7.41667e+03 2.40617e+03 3.72618e-01
5.80127e+02 1.72622e+03 7.43900e+03 2.40706e+03 3.82388e-01
5.80894e+02 1.72767e+03 7.48544e+03 2.42483e+03 3.75967e-01
5.81661e+02 1.72733e+03 7.52322e+03 2.44517e+03 3.79484e-01
5.82428e+02 1.72633e+03 7.56133e+03 2.45394e+03 3.78440e-01
5.83195e+02 1.73089e+03 7.55222e+03 2.44761e+03 3.79719e-01
5.83962e+02 1.72711e+03 7.57189e+03 2.44061e+03 3.80840e-01
5.84728e+02 1.72711e+03 7.62056e+03 2.47828e+03 3.74130e-01
5.85495e+02 1.72511e+03 7.64133e+03 2.48750e+03 3.81664e-01
5.86261e+02 1.72622e+03 7.66656e+03 2.50050e+03 3.79326e-01
5.87028e+02 1.72567e+03 7.68944e+03 2.51539e+03 3.75310e-01
5.87794e+02 1.72622e+03 7.69056e+03 2.51728e+03 3.79588e-01
5.88560e+02 1.72789e+03 7.69978e+03 2.51706e+03 3.74441e-01
5.89326e+02 1.72667e+03 7.74956e+03 2.55872e+03 3.68962e-01
5.90092e+02 1.72722e+03 7.76556e+03 2.55150e+03 3.72417e-01
5.90858e+02 1.72556e+03 7.83300e+03 2.56806e+03 3.75787e-01
5.91624e+02 1.73022e+03 7.87978e+03 2.57739e+03 3.78803e-01
5.92390e+02 1.72800e+03 7.93322e+03 2.60094e+03 3.82406e-01
5.93156e+02 1.72678e+03 7.97589e+03 2.62128e+03 3.79334e-01
5.93922e+02 1.72856e+03 8.02100e+03 2.65994e+03 3.77115e-01
5.94687e+02 1.72778e+03 8.04578e+03 2.68794e+03 3.75422e-01
5.95453e+02 1.72911e+03 8.10633e+03 2.71039e+03 3.76610e-01
5.96218e+02 1.72711e+03 8.16578e+03 2.71006e+03 3.78790e-01
5.96984e+02 1.72822e+03 8.23478e+03 2.74683e+03 3.74581e-01
5.97749e+02 1.72767e+03 8.30144e+03 2.77883e+03 3.79099e-01
5.98514e+02 1.72767e+03 8.35589e+03 2.81906e+03 3.74325e-01
5.99279e+02 1.72722e+03 8.43844e+03 2.84339e+03 3.74327e-01
6.00044e+02 1.72544e+03 8.53467e+03 2.87694e+03 3.80174e-01
6.00809e+02 1.72233e+03 8.64111e+03 2.92183e+03 3.72921e-01
6.01574e+02 1.72511e+03 8.71044e+03 2.94139e+03 3.75393e-01
6.02339e+02 1.72733e+03 8.80400e+03 2.97394e+03 3.76814e-01
6.03104e+02 1.73011e+03 8.90878e+03 3.02906e+03 3.77467e-01
6.03868e+02 1.72556e+03 9.01189e+03 3.07317e+03 3.70351e-01
6.04633e+02 1.72678e+03 9.13822e+03 3.12650e+03 3.74500e-01
6.05397e+02 1.72522e+03 9.18711e+03 3.16039e+03 3.71919e-01
6.06162e+02 1.72789e+03 9.31389e+03 3.21261e+03 3.72330e-01
6.06926e+02 1.72778e+03 9.42444e+03 3.27239e+03 3.74793e-01
6.07690e+02 1.72967e+03 9.57178e+03 3.32894e+03 3.74775e-01
6.08455e+02 1.73033e+03 9.72556e+03 3.35994e+03 3.76791e-01
6.09219e+02 1.73067e+03 9.86478e+03 3.42750e+03 3.76886e-01
6.09983e+02 1.72911e+03 9.97833e+03 3.47317e+03 3.77983e-01
6.10747e+02 1.73300e+03 1.01011e+04 3.52539e+03 3.76294e-01
6.11511e+02 1.73611e+03 1.01837e+04 3.56917e+03 3.76480e-01
6.12274e+02 1.73478e+03 1.03273e+04 3.62972e+03 3.76615e-01
6.13038e+02 1.72789e+03 1.04412e+04 3.68083e+03 3.73610e-01
6.13802e+02 1.72911e+03 1.05664e+04 3.74383e+03 3.76211e-01
6.14565e+02 1.72933e+03 1.07090e+04 3.79361e+03 3.75155e-01
6.15329e+02 1.73033e+03 1.08106e+04 3.84939e+03 3.75958e-01
6.16092e+02 1.72800e+03 1.09442e+04 3.88772e+03 3.73435e-01
6.16855e+02 1.72878e+03 1.10463e+04 3.93394e+03 3.73882e-01
6.17618e+02 1.72722e+03 1.11713e+04 3.99661e+03 3.76417e-01
6.18382e+02 1.73056e+03 1.13167e+04 4.05150e+03 3.75307e-01
6.19145e+02 1.72656e+03 1.14473e+04 4.09083e+03 3.77867e-01
6.19908e+02 1.72644e+03 1.15524e+04 4.13661e+03 3.79402e-01
6.20671e+02 1.72856e+03 1.16436e+04 4.18506e+03 3.76139e-01
6.21433e+02 1.72856e+03 1.17462e+04 4.24850e+03 3.73708e-01
6.22196e+02 1.72800e+03 1.18687e+04 4.29050e+03 3.75783e-01
6.22959e+02 1.73033e+03 1.20160e+04 4.33461e+03 3.74619e-01
6.23721e+02 1.72733e+03 1.21189e+04 4.36628e+03 3.75545e-01
6.24484e+02 1.72544e+03 1.21861e+04 4.42206e+03 3.74648e-01
6.25246e+02 1.73100e+03 1.22939e+04 4.48717e+03 3.72392e-01
6.26009e+02 1.72900e+03 1.23836e+04 4.51372e+03 3.72329e-01
6.26771e+02 1.72700e+03 1.25233e+04 4.56494e+03 3.73579e-01
6.27533e+02 1.73078e+03 1.26267e+04 4.60361e+03 3.75255e-01
6.28295e+02 1.72767e+03 1.27076e+04 4.65783e+03 3.72562e-01
6.29057e+02 1.72644e+03 1.28617e+04 4.70217e+03 3.74418e-01
6.29819e+02 1.73056e+03 1.29754e+04 4.74406e+03 3.76044e-01
6.30581e+02 1.73078e+03 1.30672e+04 4.79461e+03 3.73389e-01
6.31343e+02 1.72544e+03 1.31194e+04 4.81750e+03 3.75111e-01
6.32104e+02 1.73322e+03 1.32143e+04 4.87161e+03 3.75829e-01
6.32866e+02 1.72933e+03 1.32928e+04 4.92061e+03 3.71095e-01
6.33627e+02 1.73011e+03 1.34034e+04 4.94872e+03 3.73812e-01
6.34389e+02 1.72778e+03 1.34642e+04 4.99161e+03 3.74625e-01
6.35150e+02 1.73000e+03 1.35939e+04 5.03506e+03 3.71148e-01
6.35911e+02 1.73000e+03 1.36616e+04 5.05872e+03 3.72808e-01
6.36673e+02 1.73133e+03 1.36871e+04 5.08961e+03 3.70773e-01
6.37434e+02 1.72744e+03 1.37532e+04 5.12517e+03 3.70018e-01
6.38195e+02 1.73044e+03 1.38359e+04 5.13894e+03 3.68047e-01
6.38956e+02 1.72867e+03 1.38763e+04 5.14261e+03 3.72818e-01
6.39717e+02 1.73389e+03 1.39322e+04 5.16539e+03 3.75055e-01
6.40477e+02 1.72789e+03 1.39293e+04 5.20617e+03 3.71486e-01
6.41238e+02 1.72789e+03 1.39827e+04 5.24606e+03 3.68924e-01
6.41999e+02 1.73278e+03 1.39927e+04 5.26261e+03 3.71037e-01
6.42759e+02 1.72967e+03 1.40147e+04 5.24883e+03 3.70659e-01
6.43520e+02 1.72967e+03 1.40961e+04 5.25272e+03 3.71031e-01
6.44280e+02 1.73122e+03 1.41411e+04 5.28194e+03 3.70090e-01
6.45041e+02 1.72667e+03 1.41602e+04 5.30194e+03 3.68713e-01
6.45801e+02 1.73178e+03 1.41620e+04 5.31183e+03 3.67795e-01
6.46561e+02 1.73267e+03 1.42307e+04 5.28783e+03 3.68831e-01
6.47321e+02 1.72989e+03 1.42609e+04 5.28839e+03 3.70697e-01
6.48081e+02 1.72833e+03 1.42190e+04 5.29417e+03 3.73593e-01
6.48841e+02 1.72722e+03 1.41946e+04 5.29306e+03 3.74185e-01
6.49601e+02 1.72900e+03 1.41827e+04 5.29594e+03 3.72384e-01
6.50360e+02 1.72678e+03 1.41801e+04 5.29394e+03 3.75312e-01
6.51120e+02 1.73011e+03 1.42371e+04 5.29628e+03 3.74849e-01
6.51880e+02 1.73000e+03 1.42591e+04 5.33261e+03 3.72119e-01
6.52639e+02 1.72744e+03 1.42314e+04 5.31139e+03 3.71800e-01
6.53399e+02 1.72978e+03 1.42131e+04 5.33372e+03 3.69694e-01
6.54158e+02 1.73178e+03 1.42597e+04 5.35017e+03 3.68980e-01
6.54917e+02 1.72789e+03 1.42862e+04 5.35317e+03 3.71018e-01
6.55676e+02 1.72811e+03 1.47197e+04 5.50394e+03 3.74204e-01
6.56435e+02 1.73056e+03 1.48351e+04 5.52883e+03 3.76290e-01
6.57194e+02 1.73000e+03 1.45920e+04 5.43439e+03 3.73624e-01
6.57953e+02 1.73022e+03 1.42990e+04 5.33394e+03 3.73891e-01
6.58712e+02 1.73067e+03 1.42818e+04 5.31394e+03 3.72608e-01
6.59471e+02 1.73167e+03 1.42988e+04 5.34006e+03 3.74211e-01
6.60230e+02 1.72478e+03 1.43013e+04 5.33361e+03 3.72342e-01
6.60988e+02 1.72900e+03 1.42899e+04 5.35606e+03 3.71074e-01
6.61747e+02 1.72789e+03 1.42986e+04 5.39083e+03 3.68861e-01
6.62505e+02 1.72956e+03 1.43633e+04 5.41072e+03 3.71046e-01
6.63264e+02 1.72844e+03 1.44284e+04 5.43472e+03 3.69401e-01
6.64022e+02 1.72844e+03 1.44504e+04 5.43983e+03 3.68784e-01
6.64780e+02 1.72833e+03 1.44493e+04 5.44528e+03 3.66043e-01
6.65538e+02 1.72767e+03 1.44422e+04 5.47439e+03 3.68439e-01
6.66296e+02 1.72900e+03 1.44949e+04 5.47117e+03 3.71057e-01
6.67054e+02 1.72867e+03 1.45637e+04 5.51239e+03 3.70410e-01
6.67812e+02 1.72756e+03 1.46544e+04 5.53839e+03 3.69680e-01
6.68570e+02 1.72978e+03 1.47198e+04 5.59706e+03 3.64726e-01
6.69327e+02 1.72589e+03 1.47794e+04 5.62328e+03 3.67062e-01
6.70085e+02 1.72900e+03 1.48578e+04 5.66861e+03 3.65732e-01
6.70843e+02 1.72800e+03 1.49336e+04 5.68272e+03 3.68998e-01
6.71600e+02 1.73256e+03 1.49583e+04 5.68694e+03 3.66625e-01
6.72357e+02 1.72644e+03 1.50063e+04 5.70183e+03 3.69943e-01
6.73115e+02 1.72878e+03 1.51148e+04 5.76061e+03 3.67068e-01
6.73872e+02 1.73200e+03 1.52971e+04 5.78439e+03 3.72186e-01
6.74629e+02 1.72756e+03 1.54392e+04 5.83839e+03 3.70939e-01
6.75386e+02 1.73211e+03 1.55261e+04 5.89783e+03 3.68447e-01
6.76143e+02 1.72933e+03 1.55848e+04 5.91994e+03 3.68080e-01
6.76900e+02 1.72489e+03 1.56647e+04 5.98550e+03 3.65850e-01
6.77657e+02 1.72744e+03 1.58016e+04 6.05461e+03 3.64715e-01
6.78413e+02 1.72856e+03 1.59378e+04 6.08906e+03 3.67455e-01
6.79170e+02 1.72878e+03 1.60512e+04 6.14450e+03 3.66442e-01
6.79927e+02 1.73111e+03 1.62103e+04 6.17361e+03 3.71105e-01
6.80683e+02 1.72711e+03 1.62491e+04 6.22750e+03 3.69721e-01
6.81439e+02 1.72511e+03 1.63481e+04 6.25117e+03 3.70154e-01
6.82196e+02 1.72822e+03 1.65308e+04 6.32739e+03 3.71189e-01
6.82952e+02 1.73178e+03 1.67644e+04 6.38861e+03 3.71115e-01
6.83708e+02 1.72867e+03 1.69483e+04 6.46872e+03 3.71390e-01
6.84464e+02 1.73189e+03 1.71603e+04 6.55361e+03 3.72479e-01
6.85220e+02 1.72567e+03 1.72433e+04 6.61350e+03 3.72172e-01
6.85976e+02 1.72433e+03 1.73689e+04 6.68050e+03 3.70751e-01
6.86732e+02 1.72778e+03 1.74491e+04 6.74794e+03 3.69816e-01
6.87488e+02 1.72800e+03 1.75842e+04 6.79250e+03 3.67287e-01
6.88243e+02 1.72789e+03 1.77767e+04 6.89639e+03 3.64694e-01
6.88999e+02 1.72778e+03 1.79510e+04 6.93883e+03 3.67695e-01
6.89754e+02 1.72522e+03 1.81072e+04 6.99883e+03 3.67306e-01
6.90510e+02 1.73189e+03 1.82868e+04 7.07061e+03 3.68356e-01
6.91265e+02 1.73056e+03 1.85164e+04 7.16494e+03 3.67957e-01
6.92020e+02 1.73044e+03 1.86428e+04 7.22539e+03 3.70724e-01
6.92775e+02 1.73122e+03 1.87688e+04 7.26806e+03 3.70606e-01
6.93530e+02 1.72744e+03 1.88833e+04 7.32872e+03 3.71118e-01
6.94285e+02 1.72378e+03 1.91174e+04 7.41450e+03 3.69626e-01
6.95040e+02 1.72578e+03 1.92607e+04 7.48628e+03 3.70631e-01
6.95795e+02 1.72733e+03 1.94073e+04 7.55706e+03 3.66211e-01
6.96550e+02 1.72822e+03 1.95162e+04 7.59983e+03 3.71090e-01
6.97304e+02 1.72611e+03 1.97087e+04 7.68817e+03 3.69183e-01
6.98059e+02 1.72511e+03 1.99080e+04 7.72828e+03 3.71452e-01
6.98813e+02 1.72556e+03 2.00220e+04 7.77950e+03 3.70868e-01
6.99568e+02 1.72622e+03 2.02264e+04 7.86728e+03 3.66721e-01
7.00322e+02 1.72689e+03 2.03453e+04 7.92272e+03 3.68771e-01
7.01076e+02 1.72600e+03 2.04476e+04 8.00372e+03 3.69198e-01
7.01831e+02 1.72667e+03 2.05467e+04 8.05883e+03 3.70645e-01
7.02585e+02 1.72633e+03 2.06218e+04 8.12239e+03 3.66633e-01
7.03339e+02 1.73011e+03 2.08189e+04 8.18628e+03 3.69567e-01
7.04092e+02 1.72856e+03 2.09884e+04 8.25650e+03 3.64989e-01
7.04846e+02 1.72833e+03 2.11007e+04 8.29872e+03 3.67364e-01
7.05600e+02 1.72822e+03 2.12274e+04 8.35517e+03 3.68573e-01
7.06354e+02 1.73133e+03 2.13114e+04 8.40539e+03 3.69083e-01
7.07107e+02 1.72622e+03 2.14076e+04 8.44683e+03 3.69194e-01
7.07861e+02 1.72556e+03 2.13446e+04 8.45294e+03 3.66486e-01
7.08614e+02 1.72744e+03 2.13094e+04 8.47683e+03 3.66004e-01
7.09367e+02 1.72656e+03 2.14373e+04 8.50417e+03 3.65610e-01
7.10121e+02 1.72622e+03 2.16736e+04 8.55506e+03 3.68144e-01
7.10874e+02 1.72489e+03 2.17133e+04 8.58328e+03 3.70038e-01
7.11627e+02 1.73089e+03 2.17149e+04 8.58572e+03 3.68558e-01
7.12380e+02 1.73067e+03 2.17161e+04 8.61139e+03 3.69252e-01
7.13133e+02 1.72567e+03 2.18183e+04 8.63094e+03 3.70833e-01
7.13886e+02 1.72844e+03 2.20081e+04 8.63239e+03 3.73845e-01
7.14638e+02 1.72889e+03 2.19892e+04 8.61728e+03 3.74285e-01
7.15391e+02 1.72656e+03 2.19838e+04 8.60950e+03 3.71516e-01
7.16143e+02 1.72533e+03 2.20316e+04 8.64706e+03 3.68831e-01
7.16896e+02 1.72400e+03 2.19853e+04 8.64417e+03 3.68791e-01
7.17648e+02 1.72489e+03 2.18787e+04 8.61906e+03 3.69375e-01
7.18401e+02 1.72778e+03 2.18050e+04 8.57372e+03 3.69761e-01
7.19153e+02 1.72600e+03 2.17346e+04 8.51828e+03 3.70121e-01
7.19905e+02 1.72611e+03 2.17339e+04 8.50794e+03 3.71258e-01
7.20657e+02 1.72267e+03 2.16978e+04 8.51394e+03 3.66915e-01
7.21409e+02 1.72589e+03 2.15274e+04 8.45950e+03 3.70162e-01
7.22161e+02 1.72489e+03 2.14410e+04 8.43194e+03 3.68852e-01
7.22913e+02 1.72711e+03 2.14446e+04 8.40528e+03 3.71343e-01
7.23664e+02 1.72656e+03 2.14817e+04 8.43917e+03 3.69589e-01
7.24416e+02 1.72711e+03 2.14054e+04 8.45850e+03 3.65358e-01
7.25168e+02 1.72844e+03 2.14033e+04 8.46017e+03 3.67449e-01
7.25919e+02 1.72500e+03 2.14377e+04 8.45694e+03 3.67843e-01
7.26670e+02 1.72544e+03 2.15440e+04 8.48728e+03 3.69333e-01
7.27422e+02 1.72622e+03 2.16111e+04 8.47694e+03 3.67814e-01
7.28173e+02 1.72711e+03 2.16056e+04 8.50172e+03 3.69185e-01
7.28924e+02 1.72478e+03 2.17098e+04 8.55172e+03 3.66632e-01
7.29675e+02 1.72422e+03 2.18290e+04 8.59694e+03 3.67403e-01
7.30426e+02 1.72633e+03 2.19750e+04 8.62194e+03 3.69617e-01
7.31177e+02 1.72544e+03 2.19863e+04 8.60517e+03 3.70924e-01
7.31928e+02 1.72811e+03 2.19589e+04 8.58694e+03 3.72134e-01
7.32679e+02 1.72200e+03 2.19749e+04 8.54250e+03 3.72802e-01
7.33429e+02 1.72367e+03 2.19521e+04 8.57306e+03 3.71603e-01
7.34180e+02 1.72322e+03 2.19583e+04 8.63550e+03 3.69328e-01
7.34930e+02 1.72622e+03 2.19274e+04 8.67672e+03 3.67692e-01
7.35681e+02 1.72756e+03 2.19157e+04 8.66028e+03 3.68009e-01
7.36431e+02 1.72467e+03 2.19690e+04 8.65694e+03 3.68112e-01
7.37181e+02 1.72667e+03 2.19921e+04 8.61561e+03 3.72559e-01
7.37931e+02 1.72689e+03 2.19926e+04 8.67450e+03 3.67660e-01
7.38681e+02 1.72656e+03 2.19062e+04 8.66894e+03 3.67035e-01
7.39431e+02 1.72756e+03 2.17841e+04 8.66061e+03 3.64698e-01
7.40181e+02 1.73689e+03 2.18540e+04 8.68472e+03 3.63917e-01
7.40931e+02 1.72278e+03 2.18596e+04 8.66794e+03 3.66465e-01
7.41680e+02 1.72456e+03 2.17902e+04 8.69861e+03 3.64353e-01
7.42430e+02 1.72522e+03 2.18016e+04 8.67461e+03 3.66160e-01
7.43180e+02 1.72544e+03 2.18161e+04 8.69394e+03 3.65528e-01
7.43929e+02 1.72433e+03 2.18084e+04 8.69361e+03 3.63607e-01
7.44678e+02 1.72633e+03 2.19019e+04 8.76939e+03 3.62378e-01
7.45428e+02 1.72478e+03 2.18959e+04 8.70861e+03 3.64890e-01
7.46177e+02 1.72700e+03 2.19138e+04 8.68983e+03 3.65972e-01
7.46926e+02 1.72344e+03 2.19711e+04 8.71583e+03 3.65434e-01
7.47675e+02 1.72578e+03 2.19938e+04 8.74772e+03 3.65084e-01
7.48424e+02 1.72589e+03 2.21278e+04 8.78294e+03 3.67543e-01
7.49173e+02 1.72300e+03 2.22329e+04 8.80672e+03 3.67760e-01
7.49922e+02 1.72678e+03 2.22207e+04 8.80950e+03 3.68399e-01
7.50670e+02 1.72767e+03 2.22717e+04 8.82350e+03 3.65424e-01
7.51419e+02 1.72622e+03 2.24133e+04 8.85606e+03 3.67210e-01
7.52167e+02 1.72433e+03 2.24437e+04 8.87439e+03 3.67287e-01
7.52916e+02 1.72456e+03 2.23627e+04 8.86272e+03 3.69121e-01
7.53664e+02 1.72389e+03 2.23772e+04 8.88650e+03 3.64795e-01
7.54412e+02 1.72622e+03 2.24699e+04 8.93928e+03 3.65013e-01
7.55161e+02 1.72444e+03 2.26431e+04 8.97494e+03 3.67400e-01
7.55909e+02 1.72733e+03 2.28603e+04 9.02406e+03 3.68225e-01
7.56657e+02 1.72700e+03 2.30239e+04 9.09228e+03 3.71679e-01
7.57405e+02 1.72344e+03 2.29993e+04 9.09072e+03 3.67603e-01
7.58152e+02 1.72667e+03 2.30191e+04 9.10372e+03 3.67617e-01
7.58900e+02 1.72333e+03 2.30902e+04 9.12494e+03 3.69778e-01
7.59648e+02 1.72644e+03 2.31967e+04 9.19428e+03 3.69997e-01
7.60395e+02 1.72467e+03 2.33244e+04 9.25217e+03 3.68468e-01
7.61143e+02 1.72667e+03 2.33238e+04 9.21628e+03 3.71402e-01
7.61890e+02 1.72400e+03 2.33582e+04 9.20661e+03 3.71977e-01
7.62638e+02 1.72667e+03 2.33521e+04 9.32583e+03 3.65767e-01
7.63385e+02 1.72778e+03 2.35499e+04 9.44050e+03 3.62904e-01
7.64132e+02 1.72533e+03 2.37040e+04 9.47839e+03 3.65719e-01
7.64879e+02 1.72344e+03 2.37567e+04 9.48394e+03 3.67267e-01
7.65626e+02 1.72522e+03 2.37203e+04 9.43561e+03 3.67199e-01
7.66373e+02 1.72444e+03 2.38461e+04 9.47583e+03 3.68039e-01
7.67120e+02 1.72356e+03 2.40928e+04 9.51817e+03 3.69764e-01
7.67866e+02 1.72456e+03 2.42874e+04 9.62328e+03 3.69694e-01
7.68613e+02 1.72400e+03 2.43414e+04 9.69628e+03 3.66959e-01
7.69359e+02 1.72589e+03 2.42952e+04 9.69383e+03 3.66542e-01
7.70106e+02 1.72544e+03 2.42719e+04 9.71661e+03 3.67408e-01
7.70852e+02 1.72289e+03 2.44232e+04 9.77172e+03 3.68564e-01
7.71599e+02 1.72367e+03 2.46129e+04 9.91461e+03 3.63807e-01
7.72345e+02 1.72322e+03 2.46931e+04 1.00033e+04 3.63334e-01
7.73091e+02 1.72389e+03 2.46913e+04 9.95561e+03 3.65442e-01
7.73837e+02 1.72756e+03 2.46786e+04 9.90528e+03 3.68694e-01
7.74583e+02 1.72567e+03 2.48770e+04 9.97106e+03 3.67091e-01
7.75329e+02 1.72522e+03 2.51400e+04 1.00889e+04 3.67464e-01
7.76075e+02 1.72189e+03 2.53266e+04 1.01545e+04 3.67020e-01
7.76820e+02 1.72700e+03 2.53526e+04 1.01828e+04 3.66415e-01
7.77566e+02 1.72433e+03 2.53838e+04 1.01542e+04 3.68663e-01
7.78311e+02 1.72667e+03 2.56106e+04 1.01816e+04 3.70414e-01
7.79057e+02 1.72600e+03 2.58864e+04 1.03064e+04 3.71687e-01
7.79802e+02 1.72644e+03 2.62143e+04 1.04524e+04 3.69447e-01
7.80547e+02 1.72567e+03 2.63812e+04 1.05121e+04 3.68763e-01
7.81293e+02 1.72467e+03 2.64072e+04 1.05724e+04 3.64082e-01
7.82038e+02 1.72433e+03 2.63599e+04 1.05789e+04 3.63837e-01
7.82783e+02 1.72856e+03 2.65648e+04 1.06688e+04 3.64734e-01
7.83528e+02 1.72811e+03 2.69043e+04 1.07516e+04 3.69870e-01
7.84272e+02 1.72256e+03 2.71877e+04 1.08799e+04 3.72018e-01
7.85017e+02 1.72811e+03 2.73227e+04 1.09896e+04 3.66418e-01
7.85762e+02 1.72700e+03 2.72660e+04 1.09859e+04 3.66286e-01
7.86506e+02 1.72578e+03 2.72570e+04 1.10232e+04 3.62809e-01
7.87251e+02 1.72722e+03 2.75228e+04 1.11616e+04 3.64791e-01
7.87995e+02 1.72833e+03 2.79040e+04 1.12822e+04 3.64832e-01
7.88740e+02 1.72633e+03 2.81540e+04 1.13745e+04 3.64630e-01
7.89484e+02 1.72267e+03 2.82582e+04 1.14118e+04 3.65818e-01
7.90228e+02 1.72600e+03 2.83168e+04 1.14379e+04 3.63880e-01
7.90972e+02 1.72589e+03 2.85401e+04 1.15286e+04 3.64094e-01
7.91716e+02 1.72500e+03 2.89728e+04 1.16931e+04 3.61740e-01
7.92460e+02 1.72444e+03 2.93720e+04 1.18503e+04 3.65650e-01
7.93204e+02 1.72378e+03 2.96058e+04 1.19042e+04 3.66518e-01
7.93947e+02 1.72544e+03 2.94923e+04 1.19391e+04 3.65262e-01
7.94691e+02 1.72611e+03 2.95493e+04 1.19806e+04 3.66455e-01
7.95434e+02 1.72511e+03 2.97550e+04 1.20922e+04 3.63995e-01
7.96178e+02 1.72400e+03 3.00934e+04 1.22706e+04 3.65947e-01
7.96921e+02 1.72422e+03 3.05200e+04 1.24076e+04 3.64376e-01
7.97664e+02 1.72567e+03 3.07349e+04 1.24845e+04 3.66970e-01
7.98408e+02 1.72456e+03 3.05999e+04 1.24458e+04 3.66529e-01
7.99151e+02 1.72311e+03 3.05936e+04 1.24322e+04 3.63845e-01
7.99894e+02 1.72367e+03 3.08689e+04 1.24942e+04 3.65664e-01
8.00637e+02 1.72544e+03 3.13181e+04 1.26433e+04 3.68755e-01
8.01380e+02 1.72522e+03 3.17091e+04 1.28253e+04 3.66493e-01
8.02122e+02 1.72544e+03 3.17642e+04 1.29721e+04 3.64544e-01
8.02865e+02 1.72767e+03 3.17301e+04 1.29509e+04 3.65106e-01
8.03608e+02 1.72411e+03 3.16699e+04 1.29662e+04 3.64199e-01
8.04350e+02 1.72411e+03 3.17640e+04 1.29997e+04 3.64019e-01
8.05092e+02 1.72322e+03 3.21921e+04 1.31917e+04 3.65736e-01
8.05835e+02 1.72878e+03 3.27009e+04 1.33334e+04 3.65648e-01
8.06577e+02 1.72622e+03 3.28044e+04 1.34412e+04 3.64487e-01
8.07319e+02 1.72567e+03 3.26584e+04 1.34366e+04 3.59690e-01
8.08061e+02 1.72456e+03 3.27123e+04 1.34602e+04 3.59721e-01
8.08803e+02 1.72556e+03 3.29348e+04 1.35515e+04 3.63548e-01
8.09545e+02 1.72511e+03 3.32500e+04 1.37457e+04 3.63083e-01
8.10287e+02 1.72644e+03 3.35976e+04 1.39041e+04 3.59646e-01
8.11028e+02 1.72167e+03 3.38508e+04 1.39334e+04 3.62927e-01
8.11770e+02 1.72578e+03 3.39433e+04 1.39341e+04 3.62895e-01
8.12512e+02 1.72578e+03 3.39362e+04 1.39332e+04 3.64908e-01
8.13253e+02 1.72611e+03 3.41206e+04 1.40344e+04 3.62832e-01
8.13994e+02 1.72322e+03 3.44534e+04 1.42306e+04 3.63648e-01
8.14736e+02 1.72511e+03 3.50662e+04 1.43578e+04 3.65975e-01
8.15477e+02 1.72667e+03 3.53958e+04 1.44105e+04 3.67890e-01
8.16218e+02 1.72400e+03 3.53464e+04 1.44352e+04 3.67909e-01
8.16959e+02 1.72578e+03 3.51123e+04 1.43868e+04 3.65967e-01
8.17700e+02 1.72444e+03 3.51764e+04 1.44513e+04 3.64682e-01
8.18441e+02 1.72711e+03 3.57081e+04 1.45896e+04 3.65873e-01
8.19181e+02 1.72489e+03 3.62056e+04 1.47878e+04 3.68550e-01
8.19922e+02 1.72522e+03 3.64939e+04 1.49641e+04 3.64278e-01
8.20663e+02 1.72644e+03 3.64291e+04 1.50013e+04 3.62404e-01
8.21403e+02 1.72678e+03 3.61038e+04 1.49332e+04 3.60008e-01
8.22144e+02 1.72778e+03 3.60991e+04 1.50238e+04 3.57801e-01
8.22884e+02 1.72833e+03 3.64512e+04 1.51953e+04 3.56115e-01
8.23624e+02 1.72478e+03 3.71474e+04 1.53175e+04 3.61527e-01
8.24364e+02 1.72978e+03 3.73280e+04 1.54803e+04 3.59757e-01
8.25104e+02 1.72756e+03 3.71442e+04 1.55334e+04 3.54569e-01
8.25844e+02 1.72844e+03 3.68727e+04 1.54293e+04 3.54298e-01
8.26584e+02 1.72911e+03 3.69678e+04 1.53974e+04 3.56083e-01
8.27324e+02 1.72422e+03 3.75146e+04 1.54997e+04 3.60934e-01
8.28064e+02 1.72411e+03 3.80526e+04 1.57199e+04 3.61379e-01
8.28803e+02 1.72411e+03 3.82267e+04 1.58863e+04 3.60606e-01
8.29543e+02 1.72922e+03 3.81554e+04 1.58651e+04 3.60744e-01
8.30282e+02 1.72422e+03 3.80592e+04 1.57068e+04 3.64995e-01
8.31021e+02 1.72478e+03 3.80338e+04 1.57617e+04 3.61898e-01
8.31761e+02 1.72422e+03 3.82751e+04 1.59473e+04 3.60206e-01
8.32500e+02 1.72589e+03 3.88928e+04 1.61755e+04 3.59643e-01
8.33239e+02 1.72578e+03 3.93600e+04 1.63871e+04 3.60172e-01
8.33978e+02 1.72478e+03 3.95146e+04 1.65315e+04 3.58356e-01
8.34717e+02 1.72111e+03 3.93890e+04 1.64954e+04 3.57072e-01
8.35456e+02 1.72844e+03 3.91644e+04 1.63998e+04 3.56350e-01
8.36194e+02 1.72556e+03 3.91596e+04 1.63791e+04 3.57641e-01
8.36933e+02 1.72700e+03 3.95898e+04 1.65806e+04 3.57070e-01
8.37672e+02 1.72700e+03 4.00986e+04 1.67659e+04 3.56756e-01
8.38410e+02 1.81060e+04 5.68468e+04 1.70751e+04 1.75767e+00
8.39148e+02 1.72689e+03 4.05341e+04 1.71797e+04 3.52574e-01
8.39887e+02 1.72822e+03 4.02827e+04 1.70049e+04 3.54566e-01
8.40625e+02 1.72544e+03 4.00990e+04 1.68249e+04 3.57634e-01
8.41363e+02 1.72844e+03 4.02876e+04 1.68598e+04 3.58541e-01
8.42101e+02 1.72767e+03 4.09216e+04 1.70111e+04 3.60626e-01
8.42839e+02 1.72511e+03 4.16480e+04 1.72907e+04 3.59610e-01
8.43577e+02 1.72622e+03 4.19051e+04 1.75512e+04 3.58237e-01
8.44315e+02 1.72644e+03 4.17101e+04 1.75939e+04 3.55626e-01
8.45052e+02 1.72667e+03 4.14298e+04 1.74787e+04 3.54282e-01
8.45790e+02 1.72878e+03 4.12229e+04 1.72945e+04 3.57121e-01
8.46527e+02 1.72700e+03 4.13634e+04 1.73108e+04 3.60992e-01
8.47265e+02 1.72556e+03 4.20578e+04 1.75566e+04 3.60868e-01
8.48002e+02 1.72389e+03 4.26561e+04 1.78023e+04 3.61112e-01
8.48739e+02 1.72489e+03 4.30732e+04 1.80146e+04 3.60097e-01
8.49476e+02 1.72656e+03 4.30520e+04 1.80464e+04 3.59794e-01
8.50213e+02 1.72689e+03 4.26633e+04 1.78981e+04 3.58187e-01
8.50950e+02 1.72422e+03 4.24120e+04 1.78308e+04 3.58509e-01
8.51687e+02 1.72467e+03 4.25444e+04 1.78835e+04 3.58818e-01
8.52424e+02 1.72567e+03 4.30034e+04 1.81608e+04 3.58523e-01
8.53161e+02 1.72422e+03 4.38642e+04 1.84534e+04 3.59621e-01
8.53897e+02 1.72422e+03 4.42967e+04 1.85856e+04 3.60744e-01
8.54634e+02 1.72544e+03 4.42089e+04 1.86123e+04 3.59293e-01
8.55370e+02 1.72733e+03 4.37758e+04 1.83578e+04 3.59257e-01
8.56106e+02 1.72678e+03 4.35120e+04 1.82197e+04 3.59961e-01
8.56843e+02 1.72667e+03 4.36124e+04 1.83932e+04 3.57099e-01
8.57579e+02 1.72711e+03 4.42501e+04 1.86851e+04 3.56275e-01
8.58315e+02 1.72433e+03 4.50753e+04 1.88323e+04 3.62192e-01
8.59051e+02 1.72378e+03 4.56508e+04 1.89988e+04 3.63097e-01
8.59787e+02 1.72489e+03 4.55922e+04 1.90376e+04 3.63421e-01
8.60523e+02 1.72789e+03 4.51852e+04 1.88755e+04 3.64131e-01
8.61258e+02 1.72433e+03 4.49034e+04 1.88078e+04 3.62805e-01
8.61994e+02 1.72700e+03 4.52668e+04 1.89254e+04 3.62390e-01
8.62729e+02 1.72589e+03 4.58771e+04 1.91558e+04 3.61649e-01
8.63465e+02 1.72311e+03 4.66030e+04 1.94377e+04 3.63356e-01
8.64200e+02 1.72622e+03 4.69723e+04 1.95299e+04 3.64397e-01
8.64936e+02 1.72489e+03 4.68386e+04 1.94282e+04 3.65946e-01
8.65671e+02 1.72767e+03 4.62100e+04 1.92182e+04 3.61910e-01
8.66406e+02 1.72444e+03 4.58623e+04 1.91449e+04 3.62942e-01
8.67141e+02 1.72411e+03 4.60902e+04 1.92554e+04 3.60757e-01
8.67876e+02 1.72344e+03 4.65078e+04 1.94771e+04 3.61909e-01
8.68611e+02 1.72867e+03 4.70823e+04 1.97025e+04 3.63254e-01
8.69345e+02 1.72611e+03 4.75408e+04 1.98171e+04 3.62308e-01
8.70080e+02 1.72589e+03 4.74514e+04 1.98314e+04 3.61593e-01
8.70814e+02 1.72500e+03 4.69554e+04 1.96463e+04 3.60839e-01
8.71549e+02 1.72489e+03 4.64500e+04 1.94701e+04 3.59917e-01
8.72283e+02 1.72511e+03 4.63014e+04 1.94383e+04 3.59508e-01
8.73018e+02 1.72689e+03 4.65141e+04 1.94638e+04 3.61304e-01
8.73752e+02 1.72656e+03 4.68898e+04 1.95399e+04 3.62870e-01
8.74486e+02 1.72289e+03 4.73209e+04 1.96708e+04 3.63067e-01
8.75220e+02 1.72622e+03 4.76489e+04 1.98961e+04 3.60759e-01
8.75954e+02 1.72678e+03 4.73616e+04 1.98695e+04 3.58709e-01
8.76688e+02 1.72722e+03 4.68229e+04 1.96569e+04 3.59500e-01
8.77421e+02 1.72667e+03 4.65478e+04 1.94858e+04 3.59618e-01
8.78155e+02 1.72622e+03 4.67246e+04 1.95917e+04 3.57485e-01
8.78889e+02 1.72389e+03 4.74701e+04 1.99408e+04 3.57508e-01
8.79622e+02 1.72622e+03 4.82512e+04 2.03181e+04 3.55864e-01
8.80355e+02 1.72311e+03 4.89300e+04 2.05274e+04 3.60636e-01
8.81089e+02 1.72356e+03 4.92426e+04 2.05873e+04 3.62505e-01
8.81822e+02 1.72511e+03 4.89551e+04 2.04745e+04 3.64186e-01
8.82555e+02 1.72267e+03 4.87317e+04 2.04895e+04 3.59499e-01
8.83288e+02 1.72600e+03 4.91849e+04 2.07608e+04 3.57624e-01
8.84021e+02 1.72589e+03 4.99460e+04 2.10655e+04 3.58631e-01
8.84754e+02 1.72333e+03 5.07741e+04 2.12602e+04 3.61530e-01
8.85487e+02 1.72433e+03 5.14107e+04 2.15649e+04 3.62774e-01
8.86219e+02 1.72367e+03 5.20554e+04 2.18944e+04 3.60011e-01
8.86952e+02 1.72856e+03 5.21387e+04 2.21527e+04 3.55391e-01
8.87684e+02 1.73089e+03 5.19078e+04 2.21426e+04 3.54951e-01
8.88417e+02 1.72489e+03 5.19220e+04 2.21129e+04 3.55759e-01
8.89149e+02 1.72778e+03 5.22382e+04 2.22001e+04 3.57893e-01
8.89881e+02 1.72756e+03 5.28499e+04 2.23908e+04 3.59048e-01
8.90613e+02 1.72378e+03 5.35803e+04 2.26993e+04 3.58776e-01
8.91345e+02 1.72389e+03 5.44802e+04 2.30066e+04 3.61347e-01
8.92077e+02 1.72456e+03 5.53706e+04 2.31959e+04 3.62576e-01
8.92809e+02 1.72456e+03 5.54996e+04 2.34216e+04 3.59370e-01
8.93541e+02 1.72900e+03 5.51187e+04 2.34001e+04 3.57661e-01
8.94273e+02 1.72600e+03 5.49096e+04 2.33432e+04 3.57480e-01
8.95004e+02 1.72556e+03 5.50123e+04 2.34243e+04 3.57814e-01
8.95736e+02 1.72322e+03 5.54837e+04 2.36028e+04 3.58140e-01
8.96467e+02 1.72667e+03 5.62934e+04 2.40234e+04 3.56788e-01
8.97199e+02 1.72567e+03 5.71402e+04 2.44727e+04 3.53184e-01
8.97930e+02 1.72633e+03 5.74006e+04 2.45796e+04 3.50665e-01
8.98661e+02 1.72644e+03 5.71330e+04 2.43597e+04 3.52726e-01
8.99392e+02 1.72589e+03 5.70718e+04 2.41715e+04 3.57226e-01
9.00123e+02 1.72744e+03 5.72049e+04 2.42701e+04 3.59137e-01
9.00854e+02 1.72278e+03 5.74684e+04 2.44818e+04 3.57845e-01
9.01584e+02 1.72456e+03 5.80179e+04 2.47437e+04 3.57149e-01
9.02315e+02 1.72822e+03 5.87828e+04 2.50947e+04 3.56706e-01
9.03046e+02 1.72533e+03 5.96376e+04 2.53434e+04 3.59858e-01
9.03776e+02 1.72689e+03 5.98594e+04 2.55055e+04 3.58973e-01
9.04507e+02 1.72311e+03 5.98878e+04 2.54916e+04 3.58010e-01
9.05237e+02 1.72544e+03 5.99119e+04 2.54799e+04 3.55312e-01
9.05967e+02 1.72500e+03 6.02263e+04 2.54859e+04 3.56755e-01
9.06697e+02 1.72411e+03 6.06312e+04 2.56076e+04 3.58169e-01
9.07427e+02 1.72656e+03 6.09621e+04 2.57733e+04 3.58438e-01
9.08157e+02 1.72578e+03 6.14018e+04 2.60945e+04 3.55579e-01
9.08887e+02 1.72567e+03 6.19820e+04 2.65041e+04 3.55251e-01
9.09617e+02 1.72478e+03 6.25402e+04 2.67611e+04 3.56168e-01
9.10347e+02 1.72711e+03 6.28594e+04 2.68585e+04 3.55254e-01
9.11076e+02 1.72522e+03 6.28868e+04 2.67787e+04 3.57478e-01
9.11806e+02 1.72600e+03 6.30592e+04 2.67729e+04 3.59508e-01
9.12535e+02 1.72844e+03 6.35406e+04 2.69383e+04 3.59858e-01
9.13264e+02 1.72544e+03 6.40376e+04 2.70866e+04 3.61969e-01
9.13994e+02 1.72644e+03 6.44916e+04 2.72631e+04 3.62209e-01
9.14723e+02 1.72822e+03 6.50863e+04 2.75876e+04 3.61798e-01
9.15452e+02 1.72356e+03 6.55518e+04 2.78612e+04 3.60197e-01
9.16181e+02 1.72633e+03 6.55512e+04 2.79151e+04 3.58327e-01
9.16910e+02 1.72733e+03 6.51463e+04 2.79088e+04 3.53917e-01
9.17638e+02 1.72522e+03 6.49719e+04 2.78456e+04 3.54368e-01
9.18367e+02 1.72567e+03 6.52417e+04 2.77882e+04 3.57445e-01
9.19096e+02 1.72544e+03 6.54002e+04 2.80329e+04 3.56485e-01
9.19824e+02 1.72944e+03 6.56100e+04 2.82387e+04 3.54901e-01
9.20553e+02 1.72589e+03 6.61823e+04 2.84541e+04 3.55205e-01
9.21281e+02 1.72744e+03 6.68380e+04 2.87747e+04 3.53676e-01
9.22009e+02 1.72744e+03 6.70887e+04 2.89114e+04 3.53061e-01
9.22737e+02 1.72711e+03 6.70467e+04 2.87016e+04 3.55630e-01
9.23465e+02 1.72622e+03 6.69416e+04 2.84456e+04 3.60257e-01
9.24193e+02 1.72644e+03 6.68300e+04 2.83643e+04 3.58251e-01
9.24921e+02 1.72567e+03 6.67948e+04 2.83157e+04 3.58892e-01
9.25649e+02 1.72678e+03 6.70158e+04 2.82956e+04 3.62472e-01
9.26377e+02 1.72611e+03 6.70868e+04 2.83148e+04 3.62660e-01
9.27104e+02 1.72811e+03 6.69447e+04 2.84817e+04 3.60549e-01
9.27832e+02 1.72733e+03 6.68169e+04 2.84709e+04 3.61050e-01
9.28559e+02 1.72567e+03 6.63690e+04 2.82008e+04 3.60124e-01
9.29286e+02 1.72889e+03 6.55568e+04 2.78428e+04 3.60633e-01
9.30014e+02 1.72333e+03 6.46001e+04 2.75824e+04 3.58029e-01
9.30741e+02 1.72700e+03 6.36686e+04 2.73409e+04 3.54193e-01
9.31468e+02 1.72922e+03 6.31591e+04 2.69209e+04 3.55028e-01
9.32195e+02 1.72711e+03 6.22628e+04 2.64277e+04 3.57197e-01
9.32922e+02 1.72567e+03 6.15869e+04 2.60471e+04 3.59488e-01
9.33648e+02 1.72678e+03 6.05233e+04 2.54975e+04 3.61225e-01
9.34375e+02 1.72278e+03 5.85563e+04 2.46635e+04 3.59175e-01
9.35102e+02 1.72411e+03 5.57799e+04 2.34343e+04 3.59733e-01
9.35828e+02 1.72811e+03 5.25046e+04 2.21185e+04 3.59865e-01
9.36554e+02 1.72611e+03 4.91778e+04 2.07012e+04 3.59476e-01
9.37281e+02 1.72578e+03 4.59308e+04 1.92227e+04 3.60077e-01
9.38007e+02 1.72389e+03 4.27820e+04 1.78677e+04 3.58510e-01
9.38733e+02 1.72678e+03 4.01770e+04 1.67484e+04 3.60305e-01
9.39459e+02 1.72356e+03 3.79662e+04 1.58512e+04 3.58992e-01
9.40185e+02 1.72233e+03 3.63249e+04 1.51318e+04 3.55945e-01
9.40911e+02 1.72556e+03 3.51321e+04 1.45591e+04 3.59088e-01
9.41637e+02 1.72667e+03 3.41710e+04 1.40607e+04 3.61545e-01
9.42362e+02 1.72622e+03 3.35283e+04 1.37636e+04 3.61797e-01
9.43088e+02 1.72478e+03 3.33908e+04 1.36694e+04 3.61211e-01
9.43813e+02 1.72700e+03 3.36007e+04 1.37977e+04 3.61152e-01
9.44539e+02 1.72733e+03 3.41813e+04 1.40685e+04 3.61110e-01
9.45264e+02 1.72378e+03 3.49319e+04 1.44989e+04 3.58292e-01
9.45989e+02 1.72311e+03 3.60173e+04 1.50236e+04 3.55875e-01
9.46714e+02 1.72633e+03 3.72706e+04 1.55503e+04 3.55628e-01
9.47439e+02 1.72722e+03 3.87942e+04 1.62009e+04 3.56854e-01
9.48164e+02 1.72300e+03 4.01764e+04 1.68391e+04 3.56408e-01
9.48889e+02 1.72611e+03 4.16734e+04 1.74883e+04 3.56572e-01
9.49614e+02 1.72867e+03 4.32469e+04 1.82163e+04 3.55594e-01
9.50338e+02 1.72422e+03 4.51128e+04 1.90054e+04 3.55475e-01
9.51063e+02 1.72600e+03 4.72108e+04 1.98251e+04 3.58878e-01
9.51787e+02 1.72678e+03 4.93934e+04 2.07798e+04 3.59804e-01
9.52512e+02 1.72378e+03 5.15554e+04 2.17658e+04 3.58872e-01
9.53236e+02 1.72578e+03 5.38297e+04 2.27924e+04 3.58980e-01
9.53960e+02 1.72756e+03 5.57429e+04 2.36493e+04 3.59359e-01
9.54684e+02 1.72511e+03 5.74696e+04 2.43727e+04 3.59571e-01
9.55408e+02 1.72633e+03 5.91610e+04 2.50853e+04 3.61274e-01
9.56132e+02 1.72422e+03 6.08988e+04 2.57718e+04 3.63759e-01
9.56856e+02 1.72411e+03 6.26377e+04 2.65062e+04 3.62919e-01
9.57580e+02 1.72711e+03 6.45259e+04 2.73658e+04 3.62676e-01
9.58303e+02 1.72689e+03 6.62879e+04 2.82129e+04 3.59954e-01
9.59027e+02 1.72644e+03 6.83316e+04 2.92206e+04 3.56895e-01
9.59750e+02 1.72600e+03 7.02209e+04 3.01705e+04 3.56532e-01
9.60474e+02 1.72544e+03 7.19593e+04 3.09899e+04 3.53760e-01
9.61197e+02 1.72344e+03 7.34780e+04 3.15262e+04 3.57076e-01
9.61920e+02 1.72556e+03 7.49586e+04 3.20319e+04 3.57164e-01
9.62643e+02 1.72500e+03 7.66053e+04 3.26157e+04 3.61219e-01
9.63366e+02 1.72656e+03 7.81766e+04 3.31369e+04 3.63933e-01
9.64089e+02 1.72733e+03 7.92522e+04 3.36859e+04 3.63330e-01
9.64812e+02 1.72400e+03 8.04851e+04 3.42806e+04 3.61729e-01
9.65534e+02 1.72767e+03 8.21363e+04 3.50306e+04 3.61051e-01
9.66257e+02 1.72467e+03 8.34114e+04 3.55696e+04 3.59527e-01
9.66979e+02 1.72533e+03 8.43508e+04 3.59117e+04 3.59388e-01
9.67702e+02 1.72722e+03 8.48419e+04 3.62141e+04 3.59909e-01
9.68424e+02 1.72622e+03 8.55837e+04 3.65708e+04 3.60149e-01
9.69146e+02 1.72500e+03 8.63043e+04 3.70916e+04 3.58225e-01
9.69869e+02 1.72622e+03 8.69029e+04 3.74154e+04 3.56965e-01
9.70591e+02 1.72644e+03 8.75333e+04 3.78484e+04 3.54762e-01
9.71313e+02 1.72344e+03 8.86430e+04 3.83332e+04 3.54475e-01
9.72034e+02 1.72467e+03 8.98391e+04 3.87571e+04 3.55416e-01
9.72756e+02 1.72589e+03 9.03627e+04 3.86824e+04 3.59432e-01
9.73478e+02 1.72522e+03 9.06154e+04 3.87705e+04 3.59881e-01
9.74199e+02 1.72500e+03 9.07616e+04 3.89489e+04 3.59111e-01
9.74921e+02 1.72622e+03 9.07326e+04 3.90428e+04 3.59875e-01
9.75642e+02 1.72411e+03 9.08477e+04 3.90997e+04 3.58017e-01
9.76364e+02 1.72511e+03 9.12868e+04 3.92876e+04 3.58961e-01
9.77085e+02 1.72322e+03 9.21773e+04 3.94634e+04 3.60049e-01
9.77806e+02 1.72356e+03 9.26613e+04 3.94775e+04 3.61074e-01
9.78527e+02 1.72400e+03 9.25511e+04 3.95234e+04 3.61600e-01
9.79248e+02 1.72367e+03 9.27499e+04 3.96695e+04 3.60584e-01
9.79969e+02 1.72456e+03 9.32813e+04 3.98208e+04 3.61705e-01
9.80689e+02 1.72289e+03 9.27811e+04 3.96364e+04 3.62075e-01
9.81410e+02 1.72278e+03 9.21340e+04 3.94922e+04 3.61251e-01
9.82131e+02 1.72133e+03 9.24408e+04 3.96183e+04 3.60633e-01
9.82851e+02 1.72233e+03 9.28087e+04 3.97122e+04 3.59900e-01
9.83571e+02 1.72522e+03 9.20337e+04 3.94959e+04 3.59571e-01
9.84292e+02 1.72322e+03 9.13300e+04 3.91038e+04 3.59511e-01
9.85012e+02 1.71878e+03 9.07172e+04 3.88694e+04 3.58826e-01
9.85732e+02 1.72244e+03 8.97190e+04 3.85471e+04 3.57242e-01
9.86452e+02 1.72011e+03 8.85067e+04 3.80792e+04 3.56902e-01
9.87172e+02 1.71844e+03 8.74758e+04 3.77981e+04 3.55104e-01
9.87892e+02 1.71967e+03 8.65620e+04 3.73739e+04 3.53596e-01
9.88611e+02 1.71889e+03 8.53676e+04 3.68893e+04 3.53492e-01
9.89331e+02 1.72078e+03 8.41111e+04 3.64716e+04 3.51381e-01
9.90050e+02 1.71878e+03 8.30334e+04 3.60571e+04 3.53095e-01
9.90770e+02 1.71756e+03 8.19978e+04 3.55266e+04 3.52232e-01
9.91489e+02 1.70344e+03 1.73167e+03 8.38889e+00 3.79055e-01
9.92208e+02 1.70344e+03 1.71222e+03 -3.88889e-01 -1.91886e-01
9.92928e+02 1.70233e+03 1.70922e+03 -2.61111e+00 -1.14473e-01
9.93647e+02 1.70444e+03 1.70744e+03 -2.50000e+00 
