Wavelength Dark Reference Sample Absorbance
1.97742e+02 1.36389e+01 1.26111e+01 1.03611e+01 
1.98544e+02 1.41667e+00 -2.50000e+00 -2.75000e+00 -2.59637e-01
1.99347e+02 -2.58333e+00 -4.27778e+00 -5.63889e+00 -1.78355e-03
2.00149e+02 -4.13889e+00 -6.72222e+00 -7.86111e+00 -5.97888e-02
2.00951e+02 6.97222e+00 4.91722e+02 2.45917e+02 3.05808e-01
2.01753e+02 8.30556e+00 5.23611e+02 2.47361e+02 3.28156e-01
2.02554e+02 1.21944e+01 5.42056e+02 2.61361e+02 3.19405e-01
2.03356e+02 1.35278e+01 5.60278e+02 2.63806e+02 3.34860e-01
2.04158e+02 1.27500e+01 5.78833e+02 2.72028e+02 3.51042e-01
2.04960e+02 1.30833e+01 6.00722e+02 2.74139e+02 3.57483e-01
2.05761e+02 1.29722e+01 6.23833e+02 2.75806e+02 3.72382e-01
2.06563e+02 1.61944e+01 6.49056e+02 2.86583e+02 3.85466e-01
2.07364e+02 1.58611e+01 6.75944e+02 2.89806e+02 3.74996e-01
2.08166e+02 1.40833e+01 7.10833e+02 2.99917e+02 3.77020e-01
2.08967e+02 1.57500e+01 7.23167e+02 2.97917e+02 4.02611e-01
2.09768e+02 1.73056e+01 7.66722e+02 3.03361e+02 4.25966e-01
2.10569e+02 1.31944e+01 8.09389e+02 2.99917e+02 4.42574e-01
2.11370e+02 1.63056e+01 8.41722e+02 3.06917e+02 4.52026e-01
2.12172e+02 1.87500e+01 9.05944e+02 3.17583e+02 4.84535e-01
2.12973e+02 1.56389e+01 9.79833e+02 3.18139e+02 5.07672e-01
2.13773e+02 1.67500e+01 1.11250e+03 3.24250e+02 5.44218e-01
2.14574e+02 2.09722e+01 1.35917e+03 3.34694e+02 6.30130e-01
2.15375e+02 1.86389e+01 1.73094e+03 3.36806e+02 7.26058e-01
2.16176e+02 1.66389e+01 2.17094e+03 3.42472e+02 8.18099e-01
2.16977e+02 1.69722e+01 2.66461e+03 3.56028e+02 8.96707e-01
2.17777e+02 1.80833e+01 3.34550e+03 3.74583e+02 9.85221e-01
2.18578e+02 1.74167e+01 4.13583e+03 3.93250e+02 1.04502e+00
2.19378e+02 1.85278e+01 4.90194e+03 4.16361e+02 1.09085e+00
2.20179e+02 1.95278e+01 5.52261e+03 4.45583e+02 1.11291e+00
2.20979e+02 2.03056e+01 6.10494e+03 4.68028e+02 1.13165e+00
2.21779e+02 2.20833e+01 6.68783e+03 5.06583e+02 1.13559e+00
2.22579e+02 1.91944e+01 7.30739e+03 5.44917e+02 1.14072e+00
2.23380e+02 1.79722e+01 7.82472e+03 5.98028e+02 1.12786e+00
2.24180e+02 2.15278e+01 8.28483e+03 6.66917e+02 1.10630e+00
2.24980e+02 2.08611e+01 8.86694e+03 7.35806e+02 1.09298e+00
2.25780e+02 2.11944e+01 9.59339e+03 8.24361e+02 1.07648e+00
2.26579e+02 2.15278e+01 1.02916e+04 9.36139e+02 1.04825e+00
2.27379e+02 2.05278e+01 1.08824e+04 1.05236e+03 1.02274e+00
2.28179e+02 2.93056e+01 1.14436e+04 1.16492e+03 1.00420e+00
2.28979e+02 2.29722e+01 1.19373e+04 1.26503e+03 9.82160e-01
2.29778e+02 1.96389e+01 1.25143e+04 1.35503e+03 9.71989e-01
2.30578e+02 2.10833e+01 1.30659e+04 1.41325e+03 9.68328e-01
2.31377e+02 2.23056e+01 1.35967e+04 1.45514e+03 9.77227e-01
2.32177e+02 1.97500e+01 1.41453e+04 1.45747e+03 9.90930e-01
2.32976e+02 2.00833e+01 1.46783e+04 1.44025e+03 1.01142e+00
2.33775e+02 2.13056e+01 1.52385e+04 1.39247e+03 1.04371e+00
2.34575e+02 2.05278e+01 1.57301e+04 1.33047e+03 1.07635e+00
2.35374e+02 1.86389e+01 1.61136e+04 1.23647e+03 1.12158e+00
2.36173e+02 2.16389e+01 1.63582e+04 1.13447e+03 1.16918e+00
2.36972e+02 2.18611e+01 1.64097e+04 1.03292e+03 1.21073e+00
2.37771e+02 1.99722e+01 1.63341e+04 9.35139e+02 1.25099e+00
2.38570e+02 1.95278e+01 1.61684e+04 8.60472e+02 1.28500e+00
2.39368e+02 2.00833e+01 1.58773e+04 7.95917e+02 1.30897e+00
2.40167e+02 2.15278e+01 1.55624e+04 7.55917e+02 1.32668e+00
2.40966e+02 2.20833e+01 1.54337e+04 7.29583e+02 1.33514e+00
2.41764e+02 2.06389e+01 1.56103e+04 7.17806e+02 1.35078e+00
2.42563e+02 1.96389e+01 1.60332e+04 7.20583e+02 1.36082e+00
2.43361e+02 1.85278e+01 1.64319e+04 7.17583e+02 1.36893e+00
2.44160e+02 1.98611e+01 1.65276e+04 7.29472e+02 1.36745e+00
2.44958e+02 1.90833e+01 1.61347e+04 7.31139e+02 1.35644e+00
2.45756e+02 1.91944e+01 1.52573e+04 7.45806e+02 1.31918e+00
2.46555e+02 1.69722e+01 1.40891e+04 7.62028e+02 1.27648e+00
2.47353e+02 1.99722e+01 1.27197e+04 7.71361e+02 1.22851e+00
2.48151e+02 2.25278e+01 1.15507e+04 7.91917e+02 1.17320e+00
2.48949e+02 1.59722e+01 1.07853e+04 8.00694e+02 1.13746e+00
2.49747e+02 2.10833e+01 1.07785e+04 8.19806e+02 1.12822e+00
2.50545e+02 2.09722e+01 1.16364e+04 8.44139e+02 1.14712e+00
2.51342e+02 1.93056e+01 1.29701e+04 8.71139e+02 1.18301e+00
2.52140e+02 2.13056e+01 1.42309e+04 8.98917e+02 1.21430e+00
2.52938e+02 1.83056e+01 1.51867e+04 9.19806e+02 1.23084e+00
2.53735e+02 2.44167e+01 1.60423e+04 9.58139e+02 1.23534e+00
2.54533e+02 2.16389e+01 1.67761e+04 9.85361e+02 1.23883e+00
2.55330e+02 2.01944e+01 1.74095e+04 1.03836e+03 1.23035e+00
2.56128e+02 2.16389e+01 1.80546e+04 1.14136e+03 1.20593e+00
2.56925e+02 1.86389e+01 1.85129e+04 1.33269e+03 1.15081e+00
2.57722e+02 2.08611e+01 1.89009e+04 1.67858e+03 1.05622e+00
2.58520e+02 1.85278e+01 1.90617e+04 2.26703e+03 9.28412e-01
2.59317e+02 1.76389e+01 1.91677e+04 3.22936e+03 7.73824e-01
2.60114e+02 2.08611e+01 1.91203e+04 4.65669e+03 6.15509e-01
2.60911e+02 2.18611e+01 1.89459e+04 6.54147e+03 4.62208e-01
2.61708e+02 1.91944e+01 1.87935e+04 8.76625e+03 3.33314e-01
2.62505e+02 2.08611e+01 1.85936e+04 1.11544e+04 2.20206e-01
2.63301e+02 1.78611e+01 1.83728e+04 1.34567e+04 1.36062e-01
2.64098e+02 1.86389e+01 1.81462e+04 1.54537e+04 6.87845e-02
2.64895e+02 2.10833e+01 1.78742e+04 1.68867e+04 2.64485e-02
2.65691e+02 1.84167e+01 1.75621e+04 1.79532e+04 -9.71849e-03
2.66488e+02 1.93056e+01 1.72441e+04 1.86095e+04 -3.42807e-02
2.67284e+02 1.88611e+01 1.69793e+04 1.90336e+04 -4.82500e-02
2.68081e+02 1.99722e+01 1.68454e+04 1.92554e+04 -5.90876e-02
2.68877e+02 2.19722e+01 1.67725e+04 1.93855e+04 -6.36655e-02
2.69673e+02 1.98611e+01 1.66054e+04 1.92836e+04 -6.42450e-02
2.70469e+02 1.84167e+01 1.63625e+04 1.90145e+04 -6.47277e-02
2.71265e+02 1.88611e+01 1.59904e+04 1.85836e+04 -6.58551e-02
2.72062e+02 1.89722e+01 1.55486e+04 1.79465e+04 -6.34880e-02
2.72857e+02 2.05278e+01 1.49074e+04 1.70724e+04 -5.95051e-02
2.73653e+02 1.96389e+01 1.40981e+04 1.60198e+04 -5.54181e-02
2.74449e+02 2.08611e+01 1.31041e+04 1.48321e+04 -5.39418e-02
2.75245e+02 2.03056e+01 1.20521e+04 1.34979e+04 -4.81568e-02
2.76041e+02 1.87500e+01 1.10524e+04 1.22211e+04 -4.34306e-02
2.76836e+02 1.99722e+01 1.02891e+04 1.12711e+04 -3.73704e-02
2.77632e+02 2.08611e+01 9.98083e+03 1.08164e+04 -3.55715e-02
2.78427e+02 2.05278e+01 1.01784e+04 1.09341e+04 -3.17785e-02
2.79223e+02 1.77500e+01 1.06728e+04 1.13165e+04 -2.65066e-02
2.80018e+02 1.65278e+01 1.10112e+04 1.15848e+04 -2.20878e-02
2.80813e+02 2.00833e+01 1.09846e+04 1.14127e+04 -1.77082e-02
2.81609e+02 1.78611e+01 1.04876e+04 1.07375e+04 -8.88651e-03
2.82404e+02 1.91944e+01 9.67539e+03 9.78958e+03 -5.01785e-03
2.83199e+02 1.79722e+01 9.41161e+03 9.34581e+03 7.70506e-04
2.83994e+02 2.11944e+01 1.07582e+04 1.05695e+04 7.18293e-03
2.84789e+02 2.05278e+01 1.27817e+04 1.24170e+04 1.18985e-02
2.85584e+02 1.95278e+01 1.39853e+04 1.34545e+04 1.76705e-02
2.86379e+02 2.13056e+01 1.44766e+04 1.37380e+04 2.45643e-02
2.87173e+02 1.81944e+01 1.46762e+04 1.37386e+04 2.91397e-02
2.87968e+02 2.01944e+01 1.47642e+04 1.35515e+04 3.67770e-02
2.88763e+02 1.78611e+01 1.47383e+04 1.33067e+04 4.35342e-02
2.89557e+02 2.21944e+01 1.45803e+04 1.29822e+04 5.28010e-02
2.90352e+02 2.05278e+01 1.44749e+04 1.26601e+04 6.04954e-02
2.91146e+02 2.03056e+01 1.44557e+04 1.23685e+04 6.57229e-02
2.91940e+02 2.17500e+01 1.44928e+04 1.21554e+04 7.61970e-02
2.92735e+02 2.01944e+01 1.45485e+04 1.19998e+04 8.38769e-02
2.93529e+02 1.93056e+01 1.46749e+04 1.18335e+04 9.21772e-02
2.94323e+02 2.04167e+01 1.47542e+04 1.16541e+04 1.02051e-01
2.95117e+02 2.10833e+01 1.46807e+04 1.13641e+04 1.11732e-01
2.95911e+02 2.14167e+01 1.45834e+04 1.10145e+04 1.21617e-01
2.96705e+02 1.94167e+01 1.43264e+04 1.05806e+04 1.29457e-01
2.97499e+02 2.03056e+01 1.39431e+04 1.00395e+04 1.41760e-01
2.98293e+02 1.89722e+01 1.35288e+04 9.49047e+03 1.55301e-01
2.99086e+02 2.18611e+01 1.29803e+04 8.92925e+03 1.65527e-01
2.99880e+02 1.96389e+01 1.24288e+04 8.33681e+03 1.74908e-01
3.00673e+02 1.80833e+01 1.18248e+04 7.74181e+03 1.83439e-01
3.01467e+02 1.88611e+01 1.11973e+04 7.16203e+03 1.92366e-01
3.02260e+02 1.48611e+01 1.05817e+04 6.60636e+03 2.06235e-01
3.03054e+02 1.88611e+01 1.00856e+04 6.16225e+03 2.14868e-01
3.03847e+02 2.07500e+01 9.79150e+03 5.87581e+03 2.22421e-01
3.04640e+02 2.04167e+01 9.80494e+03 5.75958e+03 2.32880e-01
3.05433e+02 1.97500e+01 1.01394e+04 5.81458e+03 2.42328e-01
3.06227e+02 2.78611e+01 1.05966e+04 5.95369e+03 2.51475e-01
3.07020e+02 2.03056e+01 1.09259e+04 5.99314e+03 2.63562e-01
3.07813e+02 1.96389e+01 1.09891e+04 5.91347e+03 2.70209e-01
3.08605e+02 1.69722e+01 1.07309e+04 5.66303e+03 2.79138e-01
3.09398e+02 1.81944e+01 1.01458e+04 5.24225e+03 2.90239e-01
3.10191e+02 1.68611e+01 9.49806e+03 4.83325e+03 2.92780e-01
3.10984e+02 1.83056e+01 9.34661e+03 4.63869e+03 3.06113e-01
3.11776e+02 1.66389e+01 9.86783e+03 4.82536e+03 3.12239e-01
3.12569e+02 1.83056e+01 1.06874e+04 5.15447e+03 3.20119e-01
3.13361e+02 1.99722e+01 1.12909e+04 5.37847e+03 3.23152e-01
3.14154e+02 2.01944e+01 1.15817e+04 5.46136e+03 3.28029e-01
3.14946e+02 1.75278e+01 1.16814e+04 5.45558e+03 3.32740e-01
3.15738e+02 1.81944e+01 1.16535e+04 5.42303e+03 3.32075e-01
3.16530e+02 2.09722e+01 1.14873e+04 5.31592e+03 3.34436e-01
3.17323e+02 2.05278e+01 1.12359e+04 5.20514e+03 3.32940e-01
3.18115e+02 1.89722e+01 1.09365e+04 5.08681e+03 3.32678e-01
3.18907e+02 1.67500e+01 1.05997e+04 4.95181e+03 3.31196e-01
3.19698e+02 1.99722e+01 1.02769e+04 4.82747e+03 3.28662e-01
3.20490e+02 1.74167e+01 9.97661e+03 4.70358e+03 3.27183e-01
3.21282e+02 1.74167e+01 9.71817e+03 4.62114e+03 3.23623e-01
3.22074e+02 1.95278e+01 9.50417e+03 4.57314e+03 3.20380e-01
3.22865e+02 1.85278e+01 9.38272e+03 4.52525e+03 3.17872e-01
3.23657e+02 2.14167e+01 9.34028e+03 4.52503e+03 3.13252e-01
3.24448e+02 1.96389e+01 9.34606e+03 4.54869e+03 3.12889e-01
3.25240e+02 1.56389e+01 9.39861e+03 4.57703e+03 3.13227e-01
3.26031e+02 1.75278e+01 9.45594e+03 4.57914e+03 3.18152e-01
3.26823e+02 1.87500e+01 9.43517e+03 4.57492e+03 3.16980e-01
3.27614e+02 1.75278e+01 9.41283e+03 4.52036e+03 3.19107e-01
3.28405e+02 2.31944e+01 9.34494e+03 4.45814e+03 3.25022e-01
3.29196e+02 1.89722e+01 9.32350e+03 4.40514e+03 3.29887e-01
3.29987e+02 1.97500e+01 9.41172e+03 4.38914e+03 3.31420e-01
3.30778e+02 2.24167e+01 9.60083e+03 4.41436e+03 3.39927e-01
3.31569e+02 1.61944e+01 9.85761e+03 4.42314e+03 3.46373e-01
3.32360e+02 1.91944e+01 1.00562e+04 4.47592e+03 3.53814e-01
3.33150e+02 2.17500e+01 1.01292e+04 4.41992e+03 3.62030e-01
3.33941e+02 1.76389e+01 1.01115e+04 4.33025e+03 3.68657e-01
3.34731e+02 1.83056e+01 9.99894e+03 4.20236e+03 3.77848e-01
3.35522e+02 1.87500e+01 9.96483e+03 4.13269e+03 3.84352e-01
3.36312e+02 2.09722e+01 1.00587e+04 4.05914e+03 3.96654e-01
3.37103e+02 1.75278e+01 1.01974e+04 4.06136e+03 4.01218e-01
3.37893e+02 1.99722e+01 1.03166e+04 4.04292e+03 4.09251e-01
3.38683e+02 1.85278e+01 1.03372e+04 3.98881e+03 4.15170e-01
3.39473e+02 2.15278e+01 1.02863e+04 3.91892e+03 4.17691e-01
3.40264e+02 2.10833e+01 1.01693e+04 3.80847e+03 4.29327e-01
3.41054e+02 1.80833e+01 1.00292e+04 3.69536e+03 4.33219e-01
3.41844e+02 1.76389e+01 9.84906e+03 3.60069e+03 4.38472e-01
3.42633e+02 1.84167e+01 9.60194e+03 3.48214e+03 4.42255e-01
3.43423e+02 2.10833e+01 9.33283e+03 3.36558e+03 4.45090e-01
3.44213e+02 2.20833e+01 9.05639e+03 3.25425e+03 4.47687e-01
3.45003e+02 2.01944e+01 8.81983e+03 3.17725e+03 4.43913e-01
3.45792e+02 1.95278e+01 8.65272e+03 3.08836e+03 4.48688e-01
3.46582e+02 1.97500e+01 8.51872e+03 3.06714e+03 4.44028e-01
3.47371e+02 1.86389e+01 8.45994e+03 3.04269e+03 4.45685e-01
3.48161e+02 1.86389e+01 8.41683e+03 3.05636e+03 4.42236e-01
3.48950e+02 2.11944e+01 8.35461e+03 3.04014e+03 4.39597e-01
3.49739e+02 1.85278e+01 8.30394e+03 3.02792e+03 4.38460e-01
3.50528e+02 1.83056e+01 8.20539e+03 3.03725e+03 4.32920e-01
3.51317e+02 2.04167e+01 8.08294e+03 3.03825e+03 4.26470e-01
3.52106e+02 1.55278e+01 7.93694e+03 3.01658e+03 4.19656e-01
3.52895e+02 1.95278e+01 7.74550e+03 2.99558e+03 4.19314e-01
3.53684e+02 1.95278e+01 7.54950e+03 2.97581e+03 4.07219e-01
3.54473e+02 1.98611e+01 7.42539e+03 2.99236e+03 3.95541e-01
3.55262e+02 1.61944e+01 7.34928e+03 3.01025e+03 3.90295e-01
3.56051e+02 1.59722e+01 7.37406e+03 3.08092e+03 3.81805e-01
3.56839e+02 1.97500e+01 7.46650e+03 3.18703e+03 3.73663e-01
3.57628e+02 1.80833e+01 7.57661e+03 3.33592e+03 3.62151e-01
3.58416e+02 1.99722e+01 7.67839e+03 3.47314e+03 3.42638e-01
3.59205e+02 2.01944e+01 7.66194e+03 3.57058e+03 3.36544e-01
3.59993e+02 2.04167e+01 7.59350e+03 3.63192e+03 3.21386e-01
3.60781e+02 1.91944e+01 7.42806e+03 3.66169e+03 3.06407e-01
3.61569e+02 1.90833e+01 7.26594e+03 3.71258e+03 2.89474e-01
3.62357e+02 2.10833e+01 7.20383e+03 3.78592e+03 2.80482e-01
3.63145e+02 1.71944e+01 7.27772e+03 3.96769e+03 2.63505e-01
3.63933e+02 1.79722e+01 7.42961e+03 4.17658e+03 2.51903e-01
3.64721e+02 1.76389e+01 7.61972e+03 4.43892e+03 2.33955e-01
3.65509e+02 1.85278e+01 7.78728e+03 4.69981e+03 2.18730e-01
3.66297e+02 1.86389e+01 7.88139e+03 4.92781e+03 2.06047e-01
3.67085e+02 1.59722e+01 7.89417e+03 5.14969e+03 1.88747e-01
3.67872e+02 1.58611e+01 7.80583e+03 5.26325e+03 1.72315e-01
3.68660e+02 1.85278e+01 7.59983e+03 5.30647e+03 1.55945e-01
3.69447e+02 1.93056e+01 7.38728e+03 5.36703e+03 1.40725e-01
3.70235e+02 1.81944e+01 7.18839e+03 5.40036e+03 1.20587e-01
3.71022e+02 2.11944e+01 7.08172e+03 5.50858e+03 1.10803e-01
3.71809e+02 1.70833e+01 7.10272e+03 5.70158e+03 9.27995e-02
3.72596e+02 1.99722e+01 7.20094e+03 5.97558e+03 7.89030e-02
3.73383e+02 1.87500e+01 7.32706e+03 6.27436e+03 6.84375e-02
3.74170e+02 1.76389e+01 7.48550e+03 6.61781e+03 5.55156e-02
3.74957e+02 1.85278e+01 7.55250e+03 6.90425e+03 3.98693e-02
3.75744e+02 1.45278e+01 7.54328e+03 7.06181e+03 2.92925e-02
3.76531e+02 1.58611e+01 7.36083e+03 7.06047e+03 2.12432e-02
3.77318e+02 2.20833e+01 7.33750e+03 7.21914e+03 5.29038e-03
3.78105e+02 2.03056e+01 7.59439e+03 7.66747e+03 -2.39783e-03
3.78891e+02 1.66389e+01 8.05517e+03 8.33492e+03 -1.16149e-02
3.79678e+02 1.66389e+01 8.57139e+03 9.03836e+03 -2.55297e-02
3.80464e+02 1.50833e+01 8.71461e+03 9.35969e+03 -3.15222e-02
3.81251e+02 1.70833e+01 8.80750e+03 9.68169e+03 -4.28410e-02
3.82037e+02 1.88611e+01 8.82372e+03 9.86236e+03 -4.61314e-02
3.82823e+02 1.68611e+01 8.93406e+03 1.01284e+04 -5.30920e-02
3.83609e+02 2.20833e+01 8.82706e+03 1.01999e+04 -5.92562e-02
3.84395e+02 1.89722e+01 8.71272e+03 1.01906e+04 -6.52113e-02
3.85181e+02 1.86389e+01 8.57050e+03 1.01065e+04 -7.05982e-02
3.85967e+02 1.65278e+01 8.37950e+03 1.00389e+04 -7.85066e-02
3.86753e+02 1.76389e+01 8.31350e+03 1.00825e+04 -8.37984e-02
3.87539e+02 2.27500e+01 8.38539e+03 1.03389e+04 -9.05140e-02
3.88325e+02 1.97500e+01 8.43039e+03 1.04746e+04 -9.32911e-02
3.89110e+02 1.93056e+01 8.41228e+03 1.05029e+04 -9.81703e-02
3.89896e+02 1.86389e+01 8.17339e+03 1.02805e+04 -1.01448e-01
3.90682e+02 2.00833e+01 8.20672e+03 1.04086e+04 -1.02266e-01
3.91467e+02 1.94167e+01 8.41328e+03 1.07557e+04 -1.09803e-01
3.92252e+02 1.58611e+01 8.71228e+03 1.12285e+04 -1.09684e-01
3.93038e+02 1.69722e+01 9.06250e+03 1.17347e+04 -1.11822e-01
3.93823e+02 1.79722e+01 8.96894e+03 1.16499e+04 -1.14087e-01
3.94608e+02 2.11944e+01 8.89417e+03 1.16204e+04 -1.15210e-01
3.95393e+02 1.75278e+01 9.14761e+03 1.20637e+04 -1.19993e-01
3.96178e+02 1.58611e+01 9.43328e+03 1.24697e+04 -1.19205e-01
3.96963e+02 1.76389e+01 9.94383e+03 1.31547e+04 -1.22097e-01
3.97748e+02 1.75278e+01 1.05287e+04 1.40146e+04 -1.23442e-01
3.98533e+02 2.14167e+01 1.10024e+04 1.46929e+04 -1.24771e-01
3.99318e+02 1.89722e+01 1.07894e+04 1.44336e+04 -1.25069e-01
4.00102e+02 1.97500e+01 1.01752e+04 1.36304e+04 -1.27812e-01
4.00887e+02 1.96389e+01 9.82861e+03 1.32084e+04 -1.28801e-01
4.01671e+02 1.75278e+01 9.67683e+03 1.30236e+04 -1.30878e-01
4.02456e+02 1.81944e+01 9.42572e+03 1.27348e+04 -1.29237e-01
4.03240e+02 1.73056e+01 9.33183e+03 1.26520e+04 -1.30746e-01
4.04025e+02 1.84167e+01 9.33317e+03 1.26312e+04 -1.31117e-01
4.04809e+02 1.86389e+01 9.34150e+03 1.26621e+04 -1.31279e-01
4.05593e+02 1.67500e+01 9.32417e+03 1.26197e+04 -1.34429e-01
4.06377e+02 1.70833e+01 8.87483e+03 1.20286e+04 -1.34629e-01
4.07161e+02 1.55278e+01 8.29106e+03 1.12535e+04 -1.33690e-01
4.07945e+02 1.84167e+01 8.15683e+03 1.10434e+04 -1.31056e-01
4.08729e+02 1.75278e+01 8.25983e+03 1.12458e+04 -1.33425e-01
4.09513e+02 1.69722e+01 8.23806e+03 1.12225e+04 -1.32967e-01
4.10296e+02 1.69722e+01 8.08883e+03 1.09978e+04 -1.34049e-01
4.11080e+02 1.37500e+01 7.86172e+03 1.07247e+04 -1.34717e-01
4.11863e+02 1.88611e+01 7.92250e+03 1.07566e+04 -1.33186e-01
4.12647e+02 1.81944e+01 8.20572e+03 1.11618e+04 -1.35366e-01
4.13430e+02 2.08611e+01 8.57117e+03 1.16544e+04 -1.39382e-01
4.14214e+02 2.00833e+01 8.75783e+03 1.19367e+04 -1.36052e-01
4.14997e+02 1.65278e+01 8.80217e+03 1.19826e+04 -1.32187e-01
4.15780e+02 1.90833e+01 8.92017e+03 1.21609e+04 -1.37104e-01
4.16563e+02 1.80833e+01 9.06517e+03 1.23631e+04 -1.33606e-01
4.17346e+02 1.76389e+01 9.13906e+03 1.24746e+04 -1.34949e-01
4.18129e+02 2.14167e+01 9.23761e+03 1.26058e+04 -1.31916e-01
4.18912e+02 2.03056e+01 9.42506e+03 1.28388e+04 -1.34422e-01
4.19695e+02 1.95278e+01 9.77628e+03 1.33224e+04 -1.32706e-01
4.20478e+02 1.71944e+01 1.03268e+04 1.40156e+04 -1.33555e-01
4.21261e+02 1.99722e+01 1.09914e+04 1.50021e+04 -1.36936e-01
4.22043e+02 1.75278e+01 1.13951e+04 1.55682e+04 -1.35456e-01
4.22826e+02 2.00833e+01 1.09243e+04 1.49041e+04 -1.34873e-01
4.23608e+02 1.97500e+01 1.04195e+04 1.41925e+04 -1.32821e-01
4.24391e+02 1.84167e+01 1.01462e+04 1.38609e+04 -1.37360e-01
4.25173e+02 2.03056e+01 1.00018e+04 1.36677e+04 -1.36238e-01
4.25955e+02 1.73056e+01 9.67239e+03 1.31777e+04 -1.33988e-01
4.26737e+02 1.88611e+01 9.27417e+03 1.25869e+04 -1.33665e-01
4.27520e+02 1.91944e+01 9.34494e+03 1.26867e+04 -1.34537e-01
4.28302e+02 2.21944e+01 9.42572e+03 1.28941e+04 -1.33235e-01
4.29084e+02 1.86389e+01 9.68372e+03 1.31221e+04 -1.32277e-01
4.29865e+02 1.81944e+01 1.00641e+04 1.36666e+04 -1.33583e-01
4.30647e+02 1.89722e+01 9.72472e+03 1.33100e+04 -1.36926e-01
4.31429e+02 1.74167e+01 8.40028e+03 1.14911e+04 -1.33458e-01
4.32211e+02 1.96389e+01 6.93683e+03 9.50136e+03 -1.36657e-01
4.32992e+02 1.89722e+01 6.18350e+03 8.41425e+03 -1.34596e-01
4.33774e+02 2.00833e+01 5.73028e+03 7.82658e+03 -1.37315e-01
4.34555e+02 1.78611e+01 5.12306e+03 7.00203e+03 -1.38593e-01
4.35337e+02 2.55278e+01 4.04094e+03 5.56469e+03 -1.40902e-01
4.36118e+02 1.96389e+01 3.42106e+03 4.70092e+03 -1.35766e-01
4.36899e+02 1.95278e+01 2.91428e+03 3.99358e+03 -1.35682e-01
4.37680e+02 1.50833e+01 2.43639e+03 3.36103e+03 -1.42504e-01
4.38461e+02 1.94167e+01 2.13794e+03 2.94325e+03 -1.39475e-01
4.39242e+02 2.01944e+01 1.96761e+03 2.72069e+03 -1.44309e-01
4.40023e+02 1.61944e+01 1.90128e+03 2.61447e+03 -1.32342e-01
4.40804e+02 1.89722e+01 1.97983e+03 2.71503e+03 -1.40567e-01
4.41585e+02 1.88611e+01 2.16706e+03 2.98758e+03 -1.39784e-01
4.42366e+02 1.70833e+01 2.31717e+03 3.18292e+03 -1.41117e-01
4.43146e+02 2.03056e+01 2.37539e+03 3.28558e+03 -1.41704e-01
4.43927e+02 2.00833e+01 2.44494e+03 3.36658e+03 -1.43276e-01
4.44707e+02 2.04167e+01 2.35128e+03 3.25814e+03 -1.38928e-01
4.45488e+02 1.91944e+01 2.21494e+03 3.05347e+03 -1.35854e-01
4.46268e+02 1.97500e+01 2.04772e+03 2.82936e+03 -1.46769e-01
4.47048e+02 2.06389e+01 1.89306e+03 2.64003e+03 -1.41678e-01
4.47828e+02 1.75278e+01 1.75917e+03 2.44692e+03 -1.41630e-01
4.48609e+02 2.01944e+01 1.67272e+03 2.33514e+03 -1.42859e-01
4.49389e+02 1.68611e+01 1.60872e+03 2.25058e+03 -1.43255e-01
4.50169e+02 1.75278e+01 1.56083e+03 2.17847e+03 -1.44049e-01
4.50948e+02 1.57500e+01 1.50372e+03 2.10114e+03 -1.50003e-01
4.51728e+02 2.15278e+01 1.46506e+03 2.04192e+03 -1.51292e-01
4.52508e+02 1.97500e+01 1.42117e+03 1.99458e+03 -1.54544e-01
4.53288e+02 1.90833e+01 1.38094e+03 1.95214e+03 -1.47010e-01
4.54067e+02 1.87500e+01 1.35050e+03 1.89692e+03 -1.47906e-01
4.54847e+02 1.94167e+01 1.33761e+03 1.88681e+03 -1.44174e-01
4.55626e+02 1.83056e+01 1.34917e+03 1.89714e+03 -1.46108e-01
4.56406e+02 1.81944e+01 1.37228e+03 1.91481e+03 -1.49062e-01
4.57185e+02 2.03056e+01 1.39328e+03 1.96036e+03 -1.52195e-01
4.57964e+02 1.88611e+01 1.43917e+03 2.00703e+03 -1.45692e-01
4.58743e+02 1.88611e+01 1.47083e+03 2.05814e+03 -1.43987e-01
4.59522e+02 1.89722e+01 1.49394e+03 2.08669e+03 -1.51210e-01
4.60301e+02 2.30833e+01 1.49372e+03 2.09758e+03 -1.55489e-01
4.61080e+02 2.04167e+01 1.48572e+03 2.07314e+03 -1.49546e-01
4.61859e+02 1.79722e+01 1.44483e+03 2.03203e+03 -1.53596e-01
4.62638e+02 1.66389e+01 1.39350e+03 1.96325e+03 -1.46490e-01
4.63417e+02 1.80833e+01 1.36928e+03 1.91847e+03 -1.51192e-01
4.64195e+02 1.99722e+01 1.34094e+03 1.88336e+03 -1.53575e-01
4.64974e+02 1.85278e+01 1.31317e+03 1.84447e+03 -1.43999e-01
4.65752e+02 2.09722e+01 1.28783e+03 1.80669e+03 -1.53907e-01
4.66531e+02 2.00833e+01 1.26128e+03 1.77847e+03 -1.48372e-01
4.67309e+02 1.58611e+01 1.23450e+03 1.73669e+03 -1.43979e-01
4.68087e+02 1.86389e+01 1.22806e+03 1.71881e+03 -1.45152e-01
4.68865e+02 1.83056e+01 1.20550e+03 1.70292e+03 -1.51448e-01
4.69644e+02 1.71944e+01 1.19383e+03 1.68681e+03 -1.54907e-01
4.70422e+02 2.05278e+01 1.19072e+03 1.67836e+03 -1.46952e-01
4.71200e+02 1.81944e+01 1.19072e+03 1.66358e+03 -1.51100e-01
4.71977e+02 1.84167e+01 1.18639e+03 1.66603e+03 -1.44606e-01
4.72755e+02 1.86389e+01 1.19039e+03 1.66903e+03 -1.45813e-01
4.73533e+02 2.01944e+01 1.19950e+03 1.67892e+03 -1.44900e-01
4.74311e+02 2.06389e+01 1.20828e+03 1.69392e+03 -1.54231e-01
4.75088e+02 2.04167e+01 1.21528e+03 1.70214e+03 -1.47397e-01
4.75866e+02 1.95278e+01 1.22939e+03 1.71269e+03 -1.43486e-01
4.76643e+02 1.74167e+01 1.23706e+03 1.73047e+03 -1.38806e-01
4.77420e+02 2.10833e+01 1.25661e+03 1.74936e+03 -1.45760e-01
4.78198e+02 1.97500e+01 1.26694e+03 1.77369e+03 -1.42934e-01
4.78975e+02 2.07500e+01 1.28183e+03 1.78836e+03 -1.45475e-01
4.79752e+02 1.81944e+01 1.28828e+03 1.80336e+03 -1.42808e-01
4.80529e+02 1.96389e+01 1.29772e+03 1.81981e+03 -1.51027e-01
4.81306e+02 2.06389e+01 1.31061e+03 1.81769e+03 -1.46290e-01
4.82083e+02 1.89722e+01 1.32206e+03 1.83392e+03 -1.38287e-01
4.82860e+02 1.86389e+01 1.32217e+03 1.83603e+03 -1.41281e-01
4.83637e+02 1.86389e+01 1.32894e+03 1.85847e+03 -1.44960e-01
4.84413e+02 1.91944e+01 1.34306e+03 1.86558e+03 -1.50236e-01
4.85190e+02 1.83056e+01 1.36961e+03 1.90247e+03 -1.42698e-01
4.85966e+02 1.89722e+01 1.39561e+03 1.92758e+03 -1.39608e-01
4.86743e+02 1.88611e+01 1.39006e+03 1.93114e+03 -1.44293e-01
4.87519e+02 1.95278e+01 1.35806e+03 1.87669e+03 -1.47034e-01
4.88295e+02 1.91944e+01 1.34550e+03 1.86158e+03 -1.51827e-01
4.89072e+02 2.03056e+01 1.34172e+03 1.85936e+03 -1.39928e-01
4.89848e+02 1.77500e+01 1.33628e+03 1.84825e+03 -1.39315e-01
4.90624e+02 1.95278e+01 1.34228e+03 1.85136e+03 -1.39341e-01
4.91400e+02 1.77500e+01 1.33350e+03 1.83125e+03 -1.35833e-01
4.92176e+02 1.88611e+01 1.33728e+03 1.83603e+03 -1.30175e-01
4.92952e+02 2.17500e+01 1.33517e+03 1.83858e+03 -1.38986e-01
4.93727e+02 1.71944e+01 1.32450e+03 1.81981e+03 -1.42338e-01
4.94503e+02 2.11944e+01 1.31683e+03 1.82092e+03 -1.46683e-01
4.95279e+02 1.96389e+01 1.31372e+03 1.80081e+03 -1.33930e-01
4.96054e+02 1.77500e+01 1.31194e+03 1.79692e+03 -1.43717e-01
4.96830e+02 1.83056e+01 1.29772e+03 1.77825e+03 -1.35509e-01
4.97605e+02 1.67500e+01 1.28650e+03 1.77803e+03 -1.38498e-01
4.98380e+02 1.94167e+01 1.27383e+03 1.75414e+03 -1.44358e-01
4.99156e+02 1.73056e+01 1.26494e+03 1.73881e+03 -1.40697e-01
4.99931e+02 1.86389e+01 1.25761e+03 1.72458e+03 -1.38968e-01
5.00706e+02 1.96389e+01 1.24328e+03 1.71869e+03 -1.48607e-01
5.01481e+02 2.00833e+01 1.23461e+03 1.71258e+03 -1.40808e-01
5.02256e+02 1.88611e+01 1.22772e+03 1.69436e+03 -1.38336e-01
5.03031e+02 1.94167e+01 1.23572e+03 1.68503e+03 -1.35877e-01
5.03805e+02 1.90833e+01 1.21761e+03 1.67269e+03 -1.46199e-01
5.04580e+02 1.97500e+01 1.20983e+03 1.66836e+03 -1.38073e-01
5.05355e+02 1.80833e+01 1.21883e+03 1.66181e+03 -1.38753e-01
5.06129e+02 2.21944e+01 1.21617e+03 1.65992e+03 -1.40839e-01
5.06904e+02 1.73056e+01 1.21306e+03 1.65681e+03 -1.24115e-01
5.07678e+02 1.57500e+01 1.22072e+03 1.65658e+03 -1.35127e-01
5.08452e+02 1.85278e+01 1.22106e+03 1.66958e+03 -1.29871e-01
5.09227e+02 1.84167e+01 1.22894e+03 1.68869e+03 -1.46562e-01
5.10001e+02 1.77500e+01 1.24928e+03 1.69647e+03 -1.35206e-01
5.10775e+02 1.85278e+01 1.25694e+03 1.71247e+03 -1.37755e-01
5.11549e+02 1.83056e+01 1.25950e+03 1.72414e+03 -1.35621e-01
5.12323e+02 1.51944e+01 1.28406e+03 1.74336e+03 -1.33610e-01
5.13097e+02 1.96389e+01 1.29761e+03 1.77525e+03 -1.36028e-01
5.13871e+02 1.86389e+01 1.32139e+03 1.80481e+03 -1.31617e-01
5.14644e+02 2.25278e+01 1.34817e+03 1.82525e+03 -1.43448e-01
5.15418e+02 1.63056e+01 1.36194e+03 1.84481e+03 -1.35028e-01
5.16192e+02 2.13056e+01 1.38561e+03 1.88592e+03 -1.30491e-01
5.16965e+02 1.85278e+01 1.40383e+03 1.91514e+03 -1.39198e-01
5.17738e+02 1.91944e+01 1.43350e+03 1.93558e+03 -1.31650e-01
5.18512e+02 2.16389e+01 1.46328e+03 1.98114e+03 -1.29736e-01
5.19285e+02 1.90833e+01 1.48894e+03 2.01225e+03 -1.33174e-01
5.20058e+02 1.99722e+01 1.50417e+03 2.04869e+03 -1.29544e-01
5.20831e+02 1.98611e+01 1.54006e+03 2.06903e+03 -1.29367e-01
5.21604e+02 1.66389e+01 1.56661e+03 2.12425e+03 -1.31743e-01
5.22377e+02 1.64167e+01 1.59117e+03 2.14903e+03 -1.30912e-01
5.23150e+02 2.18611e+01 1.62494e+03 2.19158e+03 -1.29702e-01
5.23923e+02 1.66389e+01 1.64861e+03 2.22503e+03 -1.27464e-01
5.24696e+02 2.18611e+01 1.68550e+03 2.26603e+03 -1.25605e-01
5.25468e+02 1.96389e+01 1.71106e+03 2.31325e+03 -1.35337e-01
5.26241e+02 1.91944e+01 1.73594e+03 2.32969e+03 -1.31973e-01
5.27013e+02 2.23056e+01 1.77072e+03 2.38014e+03 -1.27136e-01
5.27786e+02 2.16389e+01 1.78606e+03 2.40114e+03 -1.32151e-01
5.28558e+02 1.83056e+01 1.82150e+03 2.43536e+03 -1.31417e-01
5.29330e+02 1.98611e+01 1.83783e+03 2.48147e+03 -1.26276e-01
5.30102e+02 2.17500e+01 1.87972e+03 2.52592e+03 -1.33886e-01
5.30875e+02 2.30833e+01 1.91583e+03 2.55681e+03 -1.32637e-01
5.31647e+02 2.28611e+01 1.93561e+03 2.58236e+03 -1.25071e-01
5.32418e+02 2.29722e+01 1.96694e+03 2.63381e+03 -1.28599e-01
5.33190e+02 1.93056e+01 1.98028e+03 2.65469e+03 -1.34280e-01
5.33962e+02 1.91944e+01 1.99750e+03 2.70036e+03 -1.30831e-01
5.34734e+02 3.20833e+01 2.05161e+03 2.72658e+03 -1.30348e-01
5.35505e+02 1.84167e+01 2.05772e+03 2.75681e+03 -1.37699e-01
5.36277e+02 1.61944e+01 2.06250e+03 2.79081e+03 -1.28436e-01
5.37049e+02 1.88611e+01 2.09350e+03 2.80236e+03 -1.25945e-01
5.37820e+02 1.94167e+01 2.12050e+03 2.82258e+03 -1.27892e-01
5.38591e+02 1.78611e+01 2.14128e+03 2.84169e+03 -1.31421e-01
5.39363e+02 2.17500e+01 2.15628e+03 2.86758e+03 -1.22049e-01
5.40134e+02 1.89722e+01 2.17306e+03 2.89781e+03 -1.27542e-01
5.40905e+02 1.87500e+01 2.19461e+03 2.91992e+03 -1.23493e-01
5.41676e+02 2.06389e+01 2.21172e+03 2.95092e+03 -1.25334e-01
5.42447e+02 2.11944e+01 2.21450e+03 2.97603e+03 -1.30832e-01
5.43218e+02 2.13056e+01 2.23561e+03 2.98625e+03 -1.29647e-01
5.43988e+02 2.46389e+01 2.25606e+03 3.00958e+03 -1.20354e-01
5.44759e+02 2.43056e+01 2.26594e+03 3.02247e+03 -1.34350e-01
5.45530e+02 2.15278e+01 2.27239e+03 3.03858e+03 -1.30311e-01
5.46300e+02 2.17500e+01 2.26361e+03 3.04158e+03 -1.32336e-01
5.47071e+02 2.05278e+01 2.27994e+03 3.04936e+03 -1.33258e-01
5.47841e+02 1.88611e+01 2.28450e+03 3.03969e+03 -1.27601e-01
5.48611e+02 2.01944e+01 2.29050e+03 3.04192e+03 -1.24939e-01
5.49382e+02 2.30833e+01 2.30228e+03 3.05958e+03 -1.20341e-01
5.50152e+02 2.13056e+01 2.30739e+03 3.06658e+03 -1.24701e-01
5.50922e+02 1.95278e+01 2.30461e+03 3.06981e+03 -1.25636e-01
5.51692e+02 1.97500e+01 2.30617e+03 3.06636e+03 -1.25952e-01
5.52462e+02 1.86389e+01 2.29994e+03 3.06869e+03 -1.22728e-01
5.53232e+02 2.08611e+01 2.31439e+03 3.06747e+03 -1.25542e-01
5.54001e+02 1.81944e+01 2.30572e+03 3.06714e+03 -1.21470e-01
5.54771e+02 2.10833e+01 2.30861e+03 3.07069e+03 -1.27862e-01
5.55541e+02 2.05278e+01 2.30806e+03 3.08814e+03 -1.23132e-01
5.56310e+02 1.89722e+01 2.31894e+03 3.08714e+03 -1.20512e-01
5.57080e+02 1.93056e+01 2.31939e+03 3.08814e+03 -1.27905e-01
5.57849e+02 2.20833e+01 2.34050e+03 3.08381e+03 -1.20459e-01
5.58618e+02 1.65278e+01 2.34028e+03 3.10247e+03 -1.25158e-01
5.59388e+02 2.09722e+01 2.33828e+03 3.12203e+03 -1.25281e-01
5.60157e+02 2.06389e+01 2.35272e+03 3.11325e+03 -1.22654e-01
5.60926e+02 1.86389e+01 2.36139e+03 3.12047e+03 -1.22457e-01
5.61695e+02 2.11944e+01 2.36061e+03 3.12058e+03 -1.18267e-01
5.62464e+02 2.04167e+01 2.36606e+03 3.13392e+03 -1.23268e-01
5.63233e+02 2.10833e+01 2.36294e+03 3.15281e+03 -1.19453e-01
5.64001e+02 2.38611e+01 2.38572e+03 3.16569e+03 -1.28891e-01
5.64770e+02 1.88611e+01 2.39550e+03 3.17703e+03 -1.22987e-01
5.65539e+02 2.05278e+01 2.40694e+03 3.17858e+03 -1.23153e-01
5.66307e+02 2.23056e+01 2.42572e+03 3.20547e+03 -1.20352e-01
5.67076e+02 2.49722e+01 2.42706e+03 3.20825e+03 -1.22985e-01
5.67844e+02 2.65278e+01 2.44528e+03 3.24225e+03 -1.26606e-01
5.68612e+02 2.34167e+01 2.45161e+03 3.24147e+03 -1.23264e-01
5.69381e+02 1.85278e+01 2.47128e+03 3.26492e+03 -1.20234e-01
5.70149e+02 1.95278e+01 2.47994e+03 3.28236e+03 -1.18871e-01
5.70917e+02 2.07500e+01 2.50583e+03 3.30292e+03 -1.25248e-01
5.71685e+02 2.33056e+01 2.51717e+03 3.31269e+03 -1.22145e-01
5.72453e+02 1.91944e+01 2.52528e+03 3.32536e+03 -1.21462e-01
5.73220e+02 2.03056e+01 2.53928e+03 3.35058e+03 -1.30848e-01
5.73988e+02 1.97500e+01 2.55817e+03 3.36692e+03 -1.23127e-01
5.74756e+02 2.28611e+01 2.54217e+03 3.38103e+03 -1.25729e-01
5.75523e+02 1.85278e+01 2.56194e+03 3.37369e+03 -1.20103e-01
5.76291e+02 1.93056e+01 2.55983e+03 3.38725e+03 -1.18663e-01
5.77058e+02 2.06389e+01 2.57572e+03 3.39769e+03 -1.20976e-01
5.77826e+02 1.63056e+01 2.58050e+03 3.40992e+03 -1.22599e-01
5.78593e+02 2.16389e+01 2.58550e+03 3.42036e+03 -1.19995e-01
5.79360e+02 2.19722e+01 2.58483e+03 3.40881e+03 -1.20716e-01
5.80127e+02 2.06389e+01 2.59717e+03 3.43292e+03 -1.21055e-01
5.80894e+02 1.93056e+01 2.62917e+03 3.46569e+03 -1.17941e-01
5.81661e+02 2.21944e+01 2.62594e+03 3.48236e+03 -1.21201e-01
5.82428e+02 2.03056e+01 2.64517e+03 3.50647e+03 -1.25381e-01
5.83195e+02 2.27500e+01 2.64672e+03 3.50325e+03 -1.26985e-01
5.83962e+02 2.16389e+01 2.66383e+03 3.49625e+03 -1.19186e-01
5.84728e+02 2.04167e+01 2.67550e+03 3.52914e+03 -1.18742e-01
5.85495e+02 1.99722e+01 2.69461e+03 3.55625e+03 -1.21675e-01
5.86261e+02 1.94167e+01 2.71250e+03 3.56258e+03 -1.13762e-01
5.87028e+02 2.19722e+01 2.70983e+03 3.58869e+03 -1.21315e-01
5.87794e+02 2.03056e+01 2.72717e+03 3.60092e+03 -1.21796e-01
5.88560e+02 2.13056e+01 2.73661e+03 3.60736e+03 -1.18150e-01
5.89326e+02 2.28611e+01 2.75183e+03 3.62136e+03 -1.18406e-01
5.90092e+02 2.15278e+01 2.77161e+03 3.63725e+03 -1.21829e-01
5.90858e+02 2.27500e+01 2.78950e+03 3.65092e+03 -1.24819e-01
5.91624e+02 2.59722e+01 2.81017e+03 3.68969e+03 -1.22787e-01
5.92390e+02 2.28611e+01 2.82028e+03 3.72069e+03 -1.24600e-01
5.93156e+02 2.20833e+01 2.84094e+03 3.75669e+03 -1.21823e-01
5.93922e+02 2.33056e+01 2.86050e+03 3.79947e+03 -1.22212e-01
5.94687e+02 2.13056e+01 2.87950e+03 3.80814e+03 -1.18588e-01
5.95453e+02 2.46389e+01 2.91339e+03 3.83481e+03 -1.26296e-01
5.96218e+02 2.10833e+01 2.92783e+03 3.86825e+03 -1.18924e-01
5.96984e+02 2.36389e+01 2.97783e+03 3.89847e+03 -1.22025e-01
5.97749e+02 2.09722e+01 3.00150e+03 3.95081e+03 -1.24080e-01
5.98514e+02 2.27500e+01 3.03506e+03 3.99125e+03 -1.19036e-01
5.99279e+02 2.15278e+01 3.07672e+03 4.05247e+03 -1.18507e-01
6.00044e+02 2.13056e+01 3.09950e+03 4.09503e+03 -1.22117e-01
6.00809e+02 2.04167e+01 3.14228e+03 4.13525e+03 -1.20983e-01
6.01574e+02 1.87500e+01 3.16294e+03 4.18203e+03 -1.19591e-01
6.02339e+02 2.25278e+01 3.22250e+03 4.23469e+03 -1.19894e-01
6.03104e+02 2.35278e+01 3.28128e+03 4.29681e+03 -1.20004e-01
6.03868e+02 2.15278e+01 3.30128e+03 4.35881e+03 -1.19689e-01
6.04633e+02 2.00833e+01 3.35639e+03 4.41469e+03 -1.21214e-01
6.05397e+02 1.81944e+01 3.41450e+03 4.50692e+03 -1.21852e-01
6.06162e+02 2.26389e+01 3.46806e+03 4.56769e+03 -1.22124e-01
6.06926e+02 2.40833e+01 3.51739e+03 4.62336e+03 -1.14878e-01
6.07690e+02 2.41944e+01 3.56883e+03 4.69592e+03 -1.18719e-01
6.08455e+02 2.24167e+01 3.60772e+03 4.76425e+03 -1.22410e-01
6.09219e+02 2.16389e+01 3.66572e+03 4.84447e+03 -1.21131e-01
6.09983e+02 2.21944e+01 3.74617e+03 4.92136e+03 -1.18291e-01
6.10747e+02 2.57500e+01 3.80994e+03 5.00314e+03 -1.18149e-01
6.11511e+02 2.74167e+01 3.85906e+03 5.06158e+03 -1.16142e-01
6.12274e+02 2.69722e+01 3.90750e+03 5.11569e+03 -1.17267e-01
6.13038e+02 2.00833e+01 3.94506e+03 5.20825e+03 -1.18732e-01
6.13802e+02 2.09722e+01 3.99906e+03 5.27658e+03 -1.20142e-01
6.14565e+02 2.25278e+01 4.06094e+03 5.36647e+03 -1.20211e-01
6.15329e+02 2.53056e+01 4.13628e+03 5.45036e+03 -1.19671e-01
6.16092e+02 2.04167e+01 4.19606e+03 5.52603e+03 -1.17337e-01
6.16855e+02 2.15278e+01 4.24517e+03 5.59525e+03 -1.17471e-01
6.17618e+02 2.10833e+01 4.30583e+03 5.65181e+03 -1.19692e-01
6.18382e+02 2.44167e+01 4.37094e+03 5.72547e+03 -1.20106e-01
6.19145e+02 2.29722e+01 4.43450e+03 5.79314e+03 -1.17470e-01
6.19908e+02 2.18611e+01 4.48050e+03 5.82603e+03 -1.15844e-01
6.20671e+02 2.16389e+01 4.54461e+03 5.90425e+03 -1.16562e-01
6.21433e+02 2.37500e+01 4.57972e+03 5.99625e+03 -1.21511e-01
6.22196e+02 2.18611e+01 4.63906e+03 6.06392e+03 -1.15857e-01
6.22959e+02 2.43056e+01 4.66961e+03 6.13347e+03 -1.17205e-01
6.23721e+02 2.13056e+01 4.70906e+03 6.19069e+03 -1.16666e-01
6.24484e+02 1.91944e+01 4.76594e+03 6.26258e+03 -1.19521e-01
6.25246e+02 2.28611e+01 4.79917e+03 6.32636e+03 -1.19920e-01
6.26009e+02 2.49722e+01 4.85661e+03 6.39925e+03 -1.25734e-01
6.26771e+02 2.23056e+01 4.90261e+03 6.48258e+03 -1.18197e-01
6.27533e+02 2.30833e+01 4.94928e+03 6.54869e+03 -1.23065e-01
6.28295e+02 2.30833e+01 5.00294e+03 6.57492e+03 -1.22955e-01
6.29057e+02 2.25278e+01 5.06761e+03 6.61214e+03 -1.14232e-01
6.29819e+02 2.50833e+01 5.10650e+03 6.71025e+03 -1.17640e-01
6.30581e+02 2.51944e+01 5.14594e+03 6.77636e+03 -1.21977e-01
6.31343e+02 2.06389e+01 5.19761e+03 6.82492e+03 -1.17974e-01
6.32104e+02 2.63056e+01 5.25417e+03 6.86169e+03 -1.11292e-01
6.32866e+02 2.26389e+01 5.28361e+03 6.92458e+03 -1.21429e-01
6.33627e+02 2.29722e+01 5.31950e+03 6.98914e+03 -1.17204e-01
6.34389e+02 2.23056e+01 5.36939e+03 7.03847e+03 -1.18178e-01
6.35150e+02 2.68611e+01 5.41572e+03 7.09536e+03 -1.18113e-01
6.35911e+02 2.50833e+01 5.47594e+03 7.12781e+03 -1.14062e-01
6.36673e+02 2.60833e+01 5.48028e+03 7.17469e+03 -1.14462e-01
6.37434e+02 1.99722e+01 5.49250e+03 7.22869e+03 -1.18050e-01
6.38195e+02 2.34167e+01 5.54328e+03 7.26358e+03 -1.21018e-01
6.38956e+02 2.20833e+01 5.55183e+03 7.27458e+03 -1.18145e-01
6.39717e+02 2.80833e+01 5.59072e+03 7.32981e+03 -1.17582e-01
6.40477e+02 2.16389e+01 5.60172e+03 7.36314e+03 -1.20461e-01
6.41238e+02 2.11944e+01 5.59494e+03 7.38114e+03 -1.21191e-01
6.41999e+02 2.64167e+01 5.61417e+03 7.42625e+03 -1.19572e-01
6.42759e+02 2.39722e+01 5.62150e+03 7.44225e+03 -1.20665e-01
6.43520e+02 2.14167e+01 5.64328e+03 7.42769e+03 -1.16468e-01
6.44280e+02 2.41944e+01 5.67639e+03 7.41114e+03 -1.18129e-01
6.45041e+02 1.98611e+01 5.67117e+03 7.42414e+03 -1.15629e-01
6.45801e+02 2.48611e+01 5.70694e+03 7.44358e+03 -1.18510e-01
6.46561e+02 2.75278e+01 5.70872e+03 7.43325e+03 -1.14183e-01
6.47321e+02 2.34167e+01 5.69350e+03 7.46592e+03 -1.18470e-01
6.48081e+02 2.13056e+01 5.67950e+03 7.46036e+03 -1.15717e-01
6.48841e+02 2.38611e+01 5.70094e+03 7.43481e+03 -1.14702e-01
6.49601e+02 2.26389e+01 5.69439e+03 7.45469e+03 -1.21744e-01
6.50360e+02 2.17500e+01 5.69539e+03 7.43947e+03 -1.15604e-01
6.51120e+02 2.41944e+01 5.69861e+03 7.46981e+03 -1.19329e-01
6.51880e+02 2.27500e+01 5.72328e+03 7.49214e+03 -1.17744e-01
6.52639e+02 2.15278e+01 5.70661e+03 7.51369e+03 -1.18538e-01
6.53399e+02 2.40833e+01 5.71628e+03 7.49281e+03 -1.18622e-01
6.54158e+02 2.75278e+01 5.72217e+03 7.48892e+03 -1.16692e-01
6.54917e+02 2.23056e+01 5.74661e+03 7.53769e+03 -1.20382e-01
6.55676e+02 2.28611e+01 5.93794e+03 7.75703e+03 -1.13913e-01
6.56435e+02 2.47500e+01 5.93894e+03 7.78558e+03 -1.18016e-01
6.57194e+02 2.57500e+01 5.82339e+03 7.64969e+03 -1.20150e-01
6.57953e+02 2.54167e+01 5.74561e+03 7.54369e+03 -1.16211e-01
6.58712e+02 2.51944e+01 5.76683e+03 7.51814e+03 -1.20013e-01
6.59471e+02 2.60833e+01 5.75494e+03 7.51558e+03 -1.20213e-01
6.60230e+02 1.95278e+01 5.75239e+03 7.50436e+03 -1.21305e-01
6.60988e+02 2.34167e+01 5.74572e+03 7.52269e+03 -1.17043e-01
6.61747e+02 2.20833e+01 5.73950e+03 7.54547e+03 -1.19880e-01
6.62505e+02 2.26389e+01 5.76706e+03 7.54514e+03 -1.18114e-01
6.63264e+02 2.48611e+01 5.79061e+03 7.55036e+03 -1.17093e-01
6.64022e+02 2.19722e+01 5.80361e+03 7.58303e+03 -1.16448e-01
6.64780e+02 2.14167e+01 5.82561e+03 7.61714e+03 -1.21211e-01
6.65538e+02 2.18611e+01 5.85306e+03 7.67781e+03 -1.16445e-01
6.66296e+02 2.35278e+01 5.87539e+03 7.70025e+03 -1.17608e-01
6.67054e+02 2.34167e+01 5.88072e+03 7.70525e+03 -1.16227e-01
6.67812e+02 2.18611e+01 5.89472e+03 7.72636e+03 -1.18303e-01
6.68570e+02 2.38611e+01 5.95872e+03 7.77958e+03 -1.20796e-01
6.69327e+02 2.18611e+01 5.98950e+03 7.80692e+03 -1.13433e-01
6.70085e+02 2.36389e+01 6.02606e+03 7.85203e+03 -1.14930e-01
6.70843e+02 2.30833e+01 6.07606e+03 7.86758e+03 -1.10644e-01
6.71600e+02 2.65278e+01 6.08917e+03 7.89625e+03 -1.13413e-01
6.72357e+02 2.06389e+01 6.12339e+03 7.95869e+03 -1.17815e-01
6.73115e+02 2.21944e+01 6.16661e+03 8.03458e+03 -1.17467e-01
6.73872e+02 2.68611e+01 6.22806e+03 8.07058e+03 -1.15416e-01
6.74629e+02 2.08611e+01 6.24983e+03 8.13469e+03 -1.14674e-01
6.75386e+02 2.54167e+01 6.29661e+03 8.19814e+03 -1.17469e-01
6.76143e+02 2.23056e+01 6.35261e+03 8.27458e+03 -1.13371e-01
6.76900e+02 2.11944e+01 6.40394e+03 8.32292e+03 -1.14449e-01
6.77657e+02 2.29722e+01 6.47183e+03 8.41514e+03 -1.14020e-01
6.78413e+02 2.24167e+01 6.52794e+03 8.46969e+03 -1.13144e-01
6.79170e+02 2.43056e+01 6.58683e+03 8.57103e+03 -1.11454e-01
6.79927e+02 2.38611e+01 6.62817e+03 8.67303e+03 -1.16931e-01
6.80683e+02 2.31944e+01 6.67250e+03 8.73158e+03 -1.14558e-01
6.81439e+02 2.10833e+01 6.72150e+03 8.77269e+03 -1.16073e-01
6.82196e+02 2.16389e+01 6.76561e+03 8.83747e+03 -1.12581e-01
6.82952e+02 2.49722e+01 6.84794e+03 8.95069e+03 -1.16355e-01
6.83708e+02 2.28611e+01 6.89350e+03 9.04381e+03 -1.17819e-01
6.84464e+02 2.73056e+01 6.98783e+03 9.12336e+03 -1.18636e-01
6.85220e+02 2.07500e+01 7.07039e+03 9.19558e+03 -1.13429e-01
6.85976e+02 1.86389e+01 7.14117e+03 9.31758e+03 -1.15100e-01
6.86732e+02 2.18611e+01 7.21583e+03 9.41047e+03 -1.14814e-01
6.87488e+02 2.37500e+01 7.30883e+03 9.51014e+03 -1.16261e-01
6.88243e+02 2.10833e+01 7.36694e+03 9.61369e+03 -1.14847e-01
6.88999e+02 2.17500e+01 7.43406e+03 9.68003e+03 -1.15348e-01
6.89754e+02 1.81944e+01 7.47850e+03 9.76769e+03 -1.17407e-01
6.90510e+02 2.61944e+01 7.58394e+03 9.85203e+03 -1.14535e-01
6.91265e+02 2.11944e+01 7.68761e+03 1.00127e+04 -1.13897e-01
6.92020e+02 2.40833e+01 7.76539e+03 1.00939e+04 -1.17939e-01
6.92775e+02 2.28611e+01 7.80894e+03 1.01829e+04 -1.16284e-01
6.93530e+02 2.07500e+01 7.89350e+03 1.02349e+04 -1.15974e-01
6.94285e+02 1.65278e+01 8.00217e+03 1.02704e+04 -1.07529e-01
6.95040e+02 2.10833e+01 8.07172e+03 1.04286e+04 -1.08961e-01
6.95795e+02 2.37500e+01 8.09983e+03 1.05456e+04 -1.13589e-01
6.96550e+02 2.10833e+01 8.15239e+03 1.06412e+04 -1.17948e-01
6.97304e+02 2.14167e+01 8.22794e+03 1.07488e+04 -1.17404e-01
6.98059e+02 1.97500e+01 8.27850e+03 1.08165e+04 -1.18505e-01
6.98813e+02 2.11944e+01 8.33539e+03 1.09071e+04 -1.17785e-01
6.99568e+02 2.05278e+01 8.37572e+03 1.09624e+04 -1.17674e-01
7.00322e+02 2.11944e+01 8.46228e+03 1.10526e+04 -1.09900e-01
7.01076e+02 1.94167e+01 8.56172e+03 1.11051e+04 -1.12308e-01
7.01831e+02 2.36389e+01 8.61583e+03 1.11536e+04 -1.11129e-01
7.02585e+02 2.11944e+01 8.66772e+03 1.11985e+04 -1.10209e-01
7.03339e+02 2.29722e+01 8.73406e+03 1.13337e+04 -1.13289e-01
7.04092e+02 2.28611e+01 8.77450e+03 1.13746e+04 -1.11255e-01
7.04846e+02 2.43056e+01 8.81561e+03 1.14080e+04 -1.12077e-01
7.05600e+02 2.18611e+01 8.83517e+03 1.15038e+04 -1.17794e-01
7.06354e+02 2.53056e+01 8.93928e+03 1.16025e+04 -1.14300e-01
7.07107e+02 2.13056e+01 9.00894e+03 1.17031e+04 -1.13898e-01
7.07861e+02 2.06389e+01 9.02261e+03 1.17639e+04 -1.13613e-01
7.08614e+02 2.15278e+01 9.09272e+03 1.17542e+04 -1.12132e-01
7.09367e+02 2.11944e+01 9.13806e+03 1.17714e+04 -1.11360e-01
7.10121e+02 2.21944e+01 9.14517e+03 1.17994e+04 -1.11011e-01
7.10874e+02 2.13056e+01 9.19261e+03 1.18429e+04 -1.12434e-01
7.11627e+02 2.48611e+01 9.18550e+03 1.18562e+04 -1.10625e-01
7.12380e+02 2.33056e+01 9.21494e+03 1.19161e+04 -1.10342e-01
7.13133e+02 2.04167e+01 9.28428e+03 1.19674e+04 -1.09740e-01
7.13886e+02 2.23056e+01 9.33283e+03 1.20222e+04 -1.10423e-01
7.14638e+02 2.15278e+01 9.32150e+03 1.20387e+04 -1.10256e-01
7.15391e+02 1.93056e+01 9.32394e+03 1.19921e+04 -1.10552e-01
7.16143e+02 1.93056e+01 9.30939e+03 1.20236e+04 -1.10611e-01
7.16896e+02 1.86389e+01 9.31094e+03 1.21046e+04 -1.16655e-01
7.17648e+02 1.87500e+01 9.33783e+03 1.20860e+04 -1.17001e-01
7.18401e+02 2.29722e+01 9.28006e+03 1.20421e+04 -1.12409e-01
7.19153e+02 2.09722e+01 9.22806e+03 1.19584e+04 -1.14132e-01
7.19905e+02 1.95278e+01 9.24350e+03 1.19332e+04 -1.12952e-01
7.20657e+02 1.57500e+01 9.19906e+03 1.18691e+04 -1.11155e-01
7.21409e+02 2.13056e+01 9.16150e+03 1.17806e+04 -1.06453e-01
7.22161e+02 1.67500e+01 9.08750e+03 1.17258e+04 -1.10034e-01
7.22913e+02 2.15278e+01 9.08061e+03 1.17355e+04 -1.10627e-01
7.23664e+02 1.99722e+01 9.16217e+03 1.17542e+04 -1.09324e-01
7.24416e+02 1.97500e+01 9.17061e+03 1.17107e+04 -1.06019e-01
7.25168e+02 2.35278e+01 9.09217e+03 1.16999e+04 -1.10121e-01
7.25919e+02 2.06389e+01 9.12128e+03 1.17431e+04 -1.11932e-01
7.26670e+02 2.05278e+01 9.16272e+03 1.17834e+04 -1.10109e-01
7.27422e+02 1.96389e+01 9.17117e+03 1.18084e+04 -1.09522e-01
7.28173e+02 2.26389e+01 9.16806e+03 1.18346e+04 -1.13114e-01
7.28924e+02 1.95278e+01 9.18972e+03 1.18591e+04 -1.10930e-01
7.29675e+02 1.81944e+01 9.24150e+03 1.19401e+04 -1.10955e-01
7.30426e+02 2.01944e+01 9.23950e+03 1.19825e+04 -1.12458e-01
7.31177e+02 1.91944e+01 9.23861e+03 1.20065e+04 -1.14411e-01
7.31928e+02 2.07500e+01 9.22139e+03 1.19990e+04 -1.13681e-01
7.32679e+02 1.64167e+01 9.20117e+03 1.19310e+04 -1.10659e-01
7.33429e+02 1.85278e+01 9.23450e+03 1.19329e+04 -1.07209e-01
7.34180e+02 1.65278e+01 9.24983e+03 1.19532e+04 -1.06987e-01
7.34930e+02 2.11944e+01 9.27661e+03 1.19460e+04 -1.09271e-01
7.35681e+02 1.96389e+01 9.24428e+03 1.19437e+04 -1.10285e-01
7.36431e+02 2.00833e+01 9.26972e+03 1.19336e+04 -1.07965e-01
7.37181e+02 2.11944e+01 9.24050e+03 1.19800e+04 -1.14124e-01
7.37931e+02 2.28611e+01 9.28328e+03 1.19499e+04 -1.07222e-01
7.38681e+02 2.03056e+01 9.26594e+03 1.19685e+04 -1.11528e-01
7.39431e+02 1.84167e+01 9.24972e+03 1.19346e+04 -1.12565e-01
7.40181e+02 2.90833e+01 9.23694e+03 1.19921e+04 -1.12978e-01
7.40931e+02 1.75278e+01 9.27706e+03 1.19896e+04 -1.12101e-01
7.41680e+02 1.90833e+01 9.29794e+03 1.19805e+04 -1.12595e-01
7.42430e+02 2.00833e+01 9.28106e+03 1.19144e+04 -1.07435e-01
7.43180e+02 2.00833e+01 9.28250e+03 1.19661e+04 -1.09919e-01
7.43929e+02 2.01944e+01 9.28994e+03 1.19471e+04 -1.10974e-01
7.44678e+02 2.05278e+01 9.30539e+03 1.20179e+04 -1.09318e-01
7.45428e+02 1.90833e+01 9.32439e+03 1.20812e+04 -1.13087e-01
7.46177e+02 2.04167e+01 9.28094e+03 1.20391e+04 -1.11801e-01
7.46926e+02 1.81944e+01 9.28339e+03 1.20831e+04 -1.11967e-01
7.47675e+02 2.13056e+01 9.33317e+03 1.21046e+04 -1.14135e-01
7.48424e+02 2.08611e+01 9.38294e+03 1.21221e+04 -1.13738e-01
7.49173e+02 1.74167e+01 9.41172e+03 1.21162e+04 -1.07843e-01
7.49922e+02 2.24167e+01 9.42661e+03 1.21318e+04 -1.09548e-01
7.50670e+02 2.33056e+01 9.42783e+03 1.21332e+04 -1.10576e-01
7.51419e+02 2.06389e+01 9.50128e+03 1.22645e+04 -1.08190e-01
7.52167e+02 1.83056e+01 9.54906e+03 1.22982e+04 -1.13854e-01
7.52916e+02 2.00833e+01 9.53850e+03 1.23119e+04 -1.12513e-01
7.53664e+02 1.91944e+01 9.55006e+03 1.23071e+04 -1.10348e-01
7.54412e+02 1.98611e+01 9.55206e+03 1.23598e+04 -1.11790e-01
7.55161e+02 1.78611e+01 9.60117e+03 1.24275e+04 -1.12636e-01
7.55909e+02 2.10833e+01 9.71706e+03 1.24481e+04 -1.07425e-01
7.56657e+02 1.98611e+01 9.82328e+03 1.25294e+04 -1.07099e-01
7.57405e+02 1.91944e+01 9.80261e+03 1.25212e+04 -1.08331e-01
7.58152e+02 2.10833e+01 9.76472e+03 1.24868e+04 -1.07494e-01
7.58900e+02 1.86389e+01 9.78772e+03 1.25641e+04 -1.08191e-01
7.59648e+02 2.03056e+01 9.83094e+03 1.26699e+04 -1.09191e-01
7.60395e+02 1.90833e+01 9.92194e+03 1.28071e+04 -1.13966e-01
7.61143e+02 2.16389e+01 9.92983e+03 1.28401e+04 -1.13719e-01
7.61890e+02 2.05278e+01 9.95061e+03 1.28917e+04 -1.13378e-01
7.62638e+02 2.09722e+01 1.00092e+04 1.29481e+04 -1.10693e-01
7.63385e+02 2.18611e+01 1.01352e+04 1.29771e+04 -1.08527e-01
7.64132e+02 1.88611e+01 1.01815e+04 1.29507e+04 -1.03624e-01
7.64879e+02 2.09722e+01 1.02213e+04 1.29709e+04 -1.02771e-01
7.65626e+02 1.98611e+01 1.01332e+04 1.29875e+04 -1.09572e-01
7.66373e+02 1.96389e+01 1.01511e+04 1.30718e+04 -1.10095e-01
7.67120e+02 1.93056e+01 1.02445e+04 1.31985e+04 -1.09684e-01
7.67866e+02 2.00833e+01 1.03818e+04 1.33231e+04 -1.10023e-01
7.68613e+02 1.88611e+01 1.03654e+04 1.33455e+04 -1.09146e-01
7.69359e+02 2.00833e+01 1.03572e+04 1.33269e+04 -1.09376e-01
7.70106e+02 2.10833e+01 1.03762e+04 1.33470e+04 -1.09169e-01
7.70852e+02 1.80833e+01 1.04547e+04 1.34492e+04 -1.10009e-01
7.71599e+02 1.71944e+01 1.05909e+04 1.36144e+04 -1.11219e-01
7.72345e+02 1.67500e+01 1.06815e+04 1.36602e+04 -1.03307e-01
7.73091e+02 1.76389e+01 1.06868e+04 1.36511e+04 -1.06410e-01
7.73837e+02 2.21944e+01 1.07153e+04 1.35994e+04 -1.01236e-01
7.74583e+02 2.01944e+01 1.07787e+04 1.36675e+04 -1.04363e-01
7.75329e+02 1.94167e+01 1.08752e+04 1.38730e+04 -1.06512e-01
7.76075e+02 1.61944e+01 1.09026e+04 1.39997e+04 -1.07126e-01
7.76820e+02 2.41944e+01 1.09246e+04 1.40065e+04 -1.07879e-01
7.77566e+02 1.78611e+01 1.09191e+04 1.40374e+04 -1.09134e-01
7.78311e+02 1.96389e+01 1.09609e+04 1.41231e+04 -1.08235e-01
7.79057e+02 2.11944e+01 1.10672e+04 1.42247e+04 -1.08481e-01
7.79802e+02 1.99722e+01 1.12192e+04 1.43537e+04 -1.05691e-01
7.80547e+02 1.88611e+01 1.13174e+04 1.44892e+04 -1.07146e-01
7.81293e+02 2.10833e+01 1.13835e+04 1.45338e+04 -1.04419e-01
7.82038e+02 1.98611e+01 1.14549e+04 1.45119e+04 -1.05578e-01
7.82783e+02 2.10833e+01 1.14586e+04 1.45692e+04 -1.05571e-01
7.83528e+02 2.06389e+01 1.15497e+04 1.47648e+04 -1.06646e-01
7.84272e+02 1.76389e+01 1.16966e+04 1.49590e+04 -1.05397e-01
7.85017e+02 2.17500e+01 1.17642e+04 1.50086e+04 -1.05707e-01
7.85762e+02 1.99722e+01 1.17865e+04 1.49987e+04 -1.07288e-01
7.86506e+02 2.06389e+01 1.17955e+04 1.50639e+04 -1.04515e-01
7.87251e+02 1.85278e+01 1.18914e+04 1.51954e+04 -1.05381e-01
7.87995e+02 2.34167e+01 1.20746e+04 1.54278e+04 -1.05422e-01
7.88740e+02 2.04167e+01 1.21638e+04 1.55288e+04 -1.05867e-01
7.89484e+02 1.79722e+01 1.21715e+04 1.57170e+04 -1.09201e-01
7.90228e+02 2.15278e+01 1.21921e+04 1.57384e+04 -1.09522e-01
7.90972e+02 1.88611e+01 1.22513e+04 1.58466e+04 -1.09683e-01
7.91716e+02 1.83056e+01 1.23863e+04 1.60920e+04 -1.14102e-01
7.92460e+02 1.89722e+01 1.25946e+04 1.62796e+04 -1.11773e-01
7.93204e+02 1.70833e+01 1.26648e+04 1.64046e+04 -1.12105e-01
7.93947e+02 2.20833e+01 1.26995e+04 1.64129e+04 -1.09999e-01
7.94691e+02 1.93056e+01 1.27473e+04 1.64085e+04 -1.10564e-01
7.95434e+02 2.04167e+01 1.28575e+04 1.64194e+04 -1.07052e-01
7.96178e+02 1.70833e+01 1.30532e+04 1.67178e+04 -1.08928e-01
7.96921e+02 1.83056e+01 1.32494e+04 1.69525e+04 -1.06479e-01
7.97664e+02 1.94167e+01 1.33979e+04 1.69647e+04 -1.01552e-01
7.98408e+02 1.71944e+01 1.33525e+04 1.69626e+04 -1.03426e-01
7.99151e+02 1.87500e+01 1.33191e+04 1.70785e+04 -1.08256e-01
7.99894e+02 1.75278e+01 1.34928e+04 1.71755e+04 -1.04865e-01
8.00637e+02 1.91944e+01 1.36456e+04 1.73511e+04 -1.01891e-01
8.01380e+02 1.90833e+01 1.37552e+04 1.75255e+04 -1.08208e-01
8.02122e+02 1.90833e+01 1.38541e+04 1.75987e+04 -1.04422e-01
8.02865e+02 2.21944e+01 1.38689e+04 1.76662e+04 -1.08339e-01
8.03608e+02 1.90833e+01 1.38805e+04 1.77110e+04 -1.06433e-01
8.04350e+02 1.88611e+01 1.39905e+04 1.78528e+04 -1.06345e-01
8.05092e+02 1.73056e+01 1.41593e+04 1.80924e+04 -1.06785e-01
8.05835e+02 2.31944e+01 1.43379e+04 1.82750e+04 -1.06648e-01
8.06577e+02 2.06389e+01 1.44462e+04 1.83808e+04 -1.02798e-01
8.07319e+02 1.93056e+01 1.44114e+04 1.83760e+04 -1.08801e-01
8.08061e+02 1.96389e+01 1.43698e+04 1.84647e+04 -1.11924e-01
8.08803e+02 1.86389e+01 1.44294e+04 1.86140e+04 -1.09870e-01
8.09545e+02 1.83056e+01 1.46823e+04 1.88415e+04 -1.05590e-01
8.10287e+02 2.13056e+01 1.49151e+04 1.89931e+04 -1.05286e-01
8.11028e+02 1.67500e+01 1.50075e+04 1.90661e+04 -1.04583e-01
8.11770e+02 2.24167e+01 1.49563e+04 1.90502e+04 -1.05649e-01
8.12512e+02 1.91944e+01 1.48795e+04 1.90931e+04 -1.08215e-01
8.13253e+02 2.17500e+01 1.49282e+04 1.92464e+04 -1.10727e-01
8.13994e+02 1.83056e+01 1.51478e+04 1.94075e+04 -1.05082e-01
8.14736e+02 1.84167e+01 1.53417e+04 1.96414e+04 -1.07515e-01
8.15477e+02 2.04167e+01 1.55219e+04 1.98712e+04 -1.06692e-01
8.16218e+02 2.04167e+01 1.54649e+04 1.98052e+04 -1.06652e-01
8.16959e+02 2.01944e+01 1.54194e+04 1.97475e+04 -1.07861e-01
8.17700e+02 1.98611e+01 1.54601e+04 1.98159e+04 -1.08426e-01
8.18441e+02 2.03056e+01 1.57211e+04 2.01530e+04 -1.08059e-01
8.19181e+02 1.97500e+01 1.59835e+04 2.04822e+04 -1.10286e-01
8.19922e+02 1.76389e+01 1.61327e+04 2.06106e+04 -1.05646e-01
8.20663e+02 2.08611e+01 1.60391e+04 2.06021e+04 -1.09558e-01
8.21403e+02 2.05278e+01 1.59136e+04 2.04212e+04 -1.05543e-01
8.22144e+02 2.28611e+01 1.60093e+04 2.04661e+04 -1.07361e-01
8.22884e+02 2.09722e+01 1.61516e+04 2.06598e+04 -1.03341e-01
8.23624e+02 1.80833e+01 1.63098e+04 2.08840e+04 -1.06102e-01
8.24364e+02 2.16389e+01 1.65005e+04 2.10734e+04 -1.06736e-01
8.25104e+02 2.06389e+01 1.65688e+04 2.12055e+04 -1.07167e-01
8.25844e+02 2.01944e+01 1.65429e+04 2.12705e+04 -1.08655e-01
8.26584e+02 2.28611e+01 1.66042e+04 2.12140e+04 -1.03159e-01
8.27324e+02 1.75278e+01 1.67751e+04 2.14602e+04 -1.06194e-01
8.28064e+02 1.98611e+01 1.69898e+04 2.17076e+04 -1.05159e-01
8.28803e+02 1.75278e+01 1.71636e+04 2.18477e+04 -1.05164e-01
8.29543e+02 1.96389e+01 1.71863e+04 2.17794e+04 -1.03357e-01
8.30282e+02 1.88611e+01 1.69985e+04 2.15708e+04 -1.04499e-01
8.31021e+02 1.97500e+01 1.69129e+04 2.14859e+04 -1.03578e-01
8.31761e+02 1.75278e+01 1.70706e+04 2.17816e+04 -1.06777e-01
8.32500e+02 1.85278e+01 1.72893e+04 2.22231e+04 -1.09754e-01
8.33239e+02 2.18611e+01 1.75091e+04 2.24986e+04 -1.08673e-01
8.33978e+02 1.74167e+01 1.76044e+04 2.26119e+04 -1.07775e-01
8.34717e+02 1.88611e+01 1.75591e+04 2.24554e+04 -1.04712e-01
8.35456e+02 2.14167e+01 1.74167e+04 2.21822e+04 -1.05525e-01
8.36194e+02 2.05278e+01 1.73373e+04 2.21398e+04 -1.06008e-01
8.36933e+02 2.00833e+01 1.74775e+04 2.24491e+04 -1.07031e-01
8.37672e+02 2.00833e+01 1.77314e+04 2.28776e+04 -1.12371e-01
8.38410e+02 1.64012e+04 1.79509e+04 2.31871e+04 -6.35822e-01
8.39148e+02 2.28611e+01 1.81172e+04 2.32399e+04 -1.09659e-01
8.39887e+02 2.18611e+01 1.80152e+04 2.30461e+04 -1.05594e-01
8.40625e+02 1.88611e+01 1.79404e+04 2.28318e+04 -1.02107e-01
8.41363e+02 2.10833e+01 1.80828e+04 2.29304e+04 -1.02171e-01
8.42101e+02 2.16389e+01 1.83321e+04 2.32349e+04 -1.05301e-01
8.42839e+02 2.00833e+01 1.86102e+04 2.36946e+04 -1.05040e-01
8.43577e+02 2.04167e+01 1.86935e+04 2.40884e+04 -1.10973e-01
8.44315e+02 1.97500e+01 1.86207e+04 2.40332e+04 -1.10612e-01
8.45052e+02 1.98611e+01 1.85052e+04 2.38562e+04 -1.12677e-01
8.45790e+02 2.34167e+01 1.84648e+04 2.37556e+04 -1.08455e-01
8.46527e+02 2.04167e+01 1.86284e+04 2.39404e+04 -1.07394e-01
8.47265e+02 2.05278e+01 1.88982e+04 2.42568e+04 -1.08300e-01
8.48002e+02 1.87500e+01 1.91231e+04 2.45097e+04 -1.07158e-01
8.48739e+02 2.04167e+01 1.93003e+04 2.47465e+04 -1.06319e-01
8.49476e+02 2.31944e+01 1.92718e+04 2.47494e+04 -1.09827e-01
8.50213e+02 1.88611e+01 1.91454e+04 2.45556e+04 -1.09003e-01
8.50950e+02 1.77500e+01 1.90111e+04 2.44420e+04 -1.10565e-01
8.51687e+02 2.04167e+01 1.91823e+04 2.45136e+04 -1.06239e-01
8.52424e+02 1.96389e+01 1.93784e+04 2.48495e+04 -1.05681e-01
8.53161e+02 1.81944e+01 1.96901e+04 2.51559e+04 -1.07498e-01
8.53897e+02 1.69722e+01 1.98534e+04 2.53600e+04 -1.07584e-01
8.54634e+02 1.90833e+01 1.98463e+04 2.52514e+04 -1.03507e-01
8.55370e+02 2.38611e+01 1.96273e+04 2.50635e+04 -1.06227e-01
8.56106e+02 1.96389e+01 1.94794e+04 2.49680e+04 -1.06512e-01
8.56843e+02 2.20833e+01 1.95882e+04 2.51677e+04 -1.08112e-01
8.57579e+02 1.98611e+01 1.99362e+04 2.56681e+04 -1.10269e-01
8.58315e+02 1.98611e+01 2.02316e+04 2.60541e+04 -1.09846e-01
8.59051e+02 1.95278e+01 2.04123e+04 2.62508e+04 -1.10549e-01
8.59787e+02 2.13056e+01 2.04373e+04 2.62446e+04 -1.09656e-01
8.60523e+02 2.20833e+01 2.01958e+04 2.59745e+04 -1.08176e-01
8.61258e+02 2.01944e+01 2.00558e+04 2.57684e+04 -1.07900e-01
8.61994e+02 2.11944e+01 2.02161e+04 2.58496e+04 -1.05385e-01
8.62729e+02 1.93056e+01 2.04058e+04 2.61276e+04 -1.08753e-01
8.63465e+02 1.60833e+01 2.07442e+04 2.63331e+04 -1.04688e-01
8.64200e+02 1.97500e+01 2.08644e+04 2.64995e+04 -1.04341e-01
8.64936e+02 1.93056e+01 2.08258e+04 2.63192e+04 -9.94394e-02
8.65671e+02 2.05278e+01 2.07088e+04 2.59682e+04 -9.98866e-02
8.66406e+02 2.09722e+01 2.06339e+04 2.58514e+04 -9.81740e-02
8.67141e+02 1.71944e+01 2.07663e+04 2.60682e+04 -9.87178e-02
8.67876e+02 1.89722e+01 2.09121e+04 2.64587e+04 -1.04335e-01
8.68611e+02 2.33056e+01 2.10528e+04 2.69037e+04 -1.06734e-01
8.69345e+02 2.15278e+01 2.12086e+04 2.71447e+04 -1.08648e-01
8.70080e+02 2.15278e+01 2.12255e+04 2.71904e+04 -1.07455e-01
8.70814e+02 1.79722e+01 2.10906e+04 2.70497e+04 -1.10688e-01
8.71549e+02 1.86389e+01 2.10125e+04 2.67632e+04 -1.06635e-01
8.72283e+02 1.94167e+01 2.10157e+04 2.66240e+04 -1.05342e-01
8.73018e+02 2.28611e+01 2.11363e+04 2.67662e+04 -1.02425e-01
8.73752e+02 2.03056e+01 2.11704e+04 2.69208e+04 -1.02910e-01
8.74486e+02 1.71944e+01 2.13484e+04 2.71156e+04 -1.05268e-01
8.75220e+02 1.98611e+01 2.13961e+04 2.72421e+04 -1.02819e-01
8.75954e+02 2.13056e+01 2.13682e+04 2.70338e+04 -1.01688e-01
8.76688e+02 2.04167e+01 2.11982e+04 2.67261e+04 -1.01913e-01
8.77421e+02 1.94167e+01 2.11252e+04 2.66576e+04 -1.02110e-01
8.78155e+02 1.96389e+01 2.13255e+04 2.69567e+04 -1.02508e-01
8.78889e+02 1.83056e+01 2.16803e+04 2.73335e+04 -9.97763e-02
8.79622e+02 2.05278e+01 2.20039e+04 2.76881e+04 -9.90359e-02
8.80355e+02 1.69722e+01 2.22591e+04 2.79849e+04 -1.00682e-01
8.81089e+02 1.83056e+01 2.23895e+04 2.82146e+04 -9.94443e-02
8.81822e+02 1.86389e+01 2.22842e+04 2.81688e+04 -1.03408e-01
8.82555e+02 1.73056e+01 2.21623e+04 2.81649e+04 -1.03987e-01
8.83288e+02 1.89722e+01 2.23131e+04 2.84118e+04 -1.05313e-01
8.84021e+02 1.97500e+01 2.25296e+04 2.88564e+04 -1.07516e-01
8.84754e+02 1.84167e+01 2.29023e+04 2.93178e+04 -1.06598e-01
8.85487e+02 1.83056e+01 2.31869e+04 2.98672e+04 -1.08494e-01
8.86219e+02 1.70833e+01 2.33793e+04 3.03338e+04 -1.11963e-01
8.86952e+02 2.26389e+01 2.34378e+04 3.04610e+04 -1.11625e-01
8.87684e+02 2.40833e+01 2.33587e+04 3.04258e+04 -1.14656e-01
8.88417e+02 2.21944e+01 2.34251e+04 3.03849e+04 -1.13288e-01
8.89149e+02 2.26389e+01 2.37137e+04 3.05181e+04 -1.09878e-01
8.89881e+02 2.25278e+01 2.40707e+04 3.06589e+04 -1.06889e-01
8.90613e+02 1.78611e+01 2.43937e+04 3.10038e+04 -1.05815e-01
8.91345e+02 1.89722e+01 2.46792e+04 3.14488e+04 -1.04244e-01
8.92077e+02 1.90833e+01 2.50335e+04 3.17792e+04 -1.03464e-01
8.92809e+02 1.86389e+01 2.50815e+04 3.17880e+04 -1.01203e-01
8.93541e+02 2.26389e+01 2.47563e+04 3.15877e+04 -1.06382e-01
8.94273e+02 2.00833e+01 2.47416e+04 3.16981e+04 -1.07050e-01
8.95004e+02 2.05278e+01 2.49489e+04 3.19616e+04 -1.06214e-01
8.95736e+02 1.68611e+01 2.52139e+04 3.23482e+04 -1.10989e-01
8.96467e+02 1.94167e+01 2.54905e+04 3.24865e+04 -1.05215e-01
8.97199e+02 2.01944e+01 2.59382e+04 3.28615e+04 -1.02563e-01
8.97930e+02 2.01944e+01 2.60819e+04 3.30566e+04 -1.03747e-01
8.98661e+02 2.26389e+01 2.60364e+04 3.28706e+04 -1.00045e-01
8.99392e+02 1.85278e+01 2.59859e+04 3.29129e+04 -1.02614e-01
9.00123e+02 2.23056e+01 2.60134e+04 3.33162e+04 -1.07860e-01
9.00854e+02 2.04167e+01 2.61312e+04 3.36306e+04 -1.08009e-01
9.01584e+02 1.85278e+01 2.65661e+04 3.39229e+04 -1.07132e-01
9.02315e+02 2.08611e+01 2.70367e+04 3.45080e+04 -1.06843e-01
9.03046e+02 1.94167e+01 2.73449e+04 3.48268e+04 -1.05615e-01
9.03776e+02 2.13056e+01 2.74281e+04 3.47079e+04 -1.02006e-01
9.04507e+02 1.69722e+01 2.72762e+04 3.43395e+04 -9.91579e-02
9.05237e+02 1.90833e+01 2.72779e+04 3.42141e+04 -9.94849e-02
9.05967e+02 1.77500e+01 2.73937e+04 3.44495e+04 -1.00726e-01
9.06697e+02 2.05278e+01 2.75489e+04 3.48770e+04 -1.01693e-01
9.07427e+02 2.20833e+01 2.78116e+04 3.53167e+04 -1.04421e-01
9.08157e+02 2.18611e+01 2.80363e+04 3.59392e+04 -1.06824e-01
9.08887e+02 1.87500e+01 2.84557e+04 3.65138e+04 -1.09273e-01
9.09617e+02 2.08611e+01 2.86021e+04 3.68516e+04 -1.09071e-01
9.10347e+02 1.96389e+01 2.86818e+04 3.67865e+04 -1.07397e-01
9.11076e+02 1.90833e+01 2.85478e+04 3.65356e+04 -1.05917e-01
9.11806e+02 1.96389e+01 2.86762e+04 3.64951e+04 -1.04059e-01
9.12535e+02 2.23056e+01 2.89738e+04 3.65621e+04 -1.02476e-01
9.13264e+02 1.86389e+01 2.92287e+04 3.68175e+04 -1.01758e-01
9.13994e+02 2.13056e+01 2.95045e+04 3.71826e+04 -1.01581e-01
9.14723e+02 2.33056e+01 2.98724e+04 3.76662e+04 -1.02314e-01
9.15452e+02 1.70833e+01 3.01608e+04 3.79887e+04 -1.01798e-01
9.16181e+02 2.11944e+01 3.00307e+04 3.79744e+04 -1.03779e-01
9.16910e+02 2.24167e+01 2.98168e+04 3.78879e+04 -1.05662e-01
9.17638e+02 2.00833e+01 2.97201e+04 3.77339e+04 -1.04351e-01
9.18367e+02 2.28611e+01 2.98683e+04 3.78755e+04 -1.02707e-01
9.19096e+02 2.13056e+01 3.00447e+04 3.81429e+04 -1.01896e-01
9.19824e+02 2.25278e+01 3.02985e+04 3.82315e+04 -1.01236e-01
9.20553e+02 1.85278e+01 3.04952e+04 3.85744e+04 -1.03080e-01
9.21281e+02 2.29722e+01 3.06686e+04 3.88717e+04 -1.01638e-01
9.22009e+02 2.09722e+01 3.06948e+04 3.89858e+04 -1.04505e-01
9.22737e+02 2.20833e+01 3.05721e+04 3.89007e+04 -1.05667e-01
9.23465e+02 1.95278e+01 3.03489e+04 3.84801e+04 -1.01272e-01
9.24193e+02 2.03056e+01 3.01771e+04 3.80874e+04 -1.00925e-01
9.24921e+02 2.11944e+01 2.98905e+04 3.78338e+04 -1.02467e-01
9.25649e+02 2.21944e+01 2.97425e+04 3.77219e+04 -1.01523e-01
9.26377e+02 1.78611e+01 2.97374e+04 3.79360e+04 -1.04420e-01
9.27104e+02 2.14167e+01 2.98985e+04 3.81070e+04 -1.06575e-01
9.27832e+02 2.13056e+01 3.01147e+04 3.81207e+04 -1.00917e-01
9.28559e+02 1.79722e+01 2.99993e+04 3.80162e+04 -1.02821e-01
9.29286e+02 2.01944e+01 2.97232e+04 3.76457e+04 -1.01006e-01
9.30014e+02 1.85278e+01 2.92901e+04 3.71341e+04 -1.01493e-01
9.30741e+02 2.08611e+01 2.89053e+04 3.66019e+04 -1.02654e-01
9.31468e+02 2.17500e+01 2.84815e+04 3.61541e+04 -1.02939e-01
9.32195e+02 2.21944e+01 2.80868e+04 3.56072e+04 -1.01773e-01
9.32922e+02 2.20833e+01 2.77534e+04 3.49791e+04 -9.94344e-02
9.33648e+02 2.23056e+01 2.71591e+04 3.40694e+04 -9.74950e-02
9.34375e+02 1.66389e+01 2.61574e+04 3.28844e+04 -9.83971e-02
9.35102e+02 1.83056e+01 2.48203e+04 3.13349e+04 -9.95096e-02
9.35828e+02 2.31944e+01 2.33612e+04 2.95577e+04 -1.00219e-01
9.36554e+02 2.10833e+01 2.17516e+04 2.74282e+04 -1.00338e-01
9.37281e+02 1.96389e+01 2.01926e+04 2.55068e+04 -1.01920e-01
9.38007e+02 1.90833e+01 1.87811e+04 2.37601e+04 -1.03665e-01
9.38733e+02 2.20833e+01 1.76008e+04 2.22698e+04 -1.02736e-01
9.39459e+02 2.01944e+01 1.66498e+04 2.10792e+04 -1.00882e-01
9.40185e+02 1.71944e+01 1.58991e+04 2.01402e+04 -1.00796e-01
9.40911e+02 1.83056e+01 1.52733e+04 1.94254e+04 -1.02441e-01
9.41637e+02 2.09722e+01 1.48367e+04 1.88016e+04 -1.03598e-01
9.42362e+02 1.94167e+01 1.45411e+04 1.83971e+04 -1.03387e-01
9.43088e+02 1.75278e+01 1.43713e+04 1.82987e+04 -1.03764e-01
9.43813e+02 2.16389e+01 1.43806e+04 1.83241e+04 -1.05819e-01
9.44539e+02 2.21944e+01 1.45882e+04 1.86795e+04 -1.08182e-01
9.45264e+02 2.00833e+01 1.50208e+04 1.91687e+04 -1.08206e-01
9.45989e+02 1.93056e+01 1.56464e+04 1.97967e+04 -1.03156e-01
9.46714e+02 1.99722e+01 1.63613e+04 2.05615e+04 -9.92776e-02
9.47439e+02 2.16389e+01 1.70146e+04 2.13277e+04 -1.00258e-01
9.48164e+02 1.73056e+01 1.75777e+04 2.20156e+04 -9.75580e-02
9.48889e+02 1.96389e+01 1.82433e+04 2.28722e+04 -9.58371e-02
9.49614e+02 2.19722e+01 1.90125e+04 2.39252e+04 -9.88762e-02
9.50338e+02 1.73056e+01 1.98654e+04 2.49079e+04 -9.78165e-02
9.51063e+02 1.93056e+01 2.07107e+04 2.61124e+04 -1.01779e-01
9.51787e+02 2.29722e+01 2.16383e+04 2.73655e+04 -1.03147e-01
9.52512e+02 1.73056e+01 2.26017e+04 2.87156e+04 -1.06125e-01
9.53236e+02 2.09722e+01 2.36196e+04 3.00592e+04 -1.05082e-01
9.53960e+02 2.17500e+01 2.45675e+04 3.13005e+04 -1.03990e-01
9.54684e+02 2.24167e+01 2.53067e+04 3.23508e+04 -1.05382e-01
9.55408e+02 2.10833e+01 2.59702e+04 3.33408e+04 -1.07114e-01
9.56132e+02 1.84167e+01 2.67708e+04 3.42057e+04 -1.05773e-01
9.56856e+02 2.01944e+01 2.76105e+04 3.51228e+04 -1.04703e-01
9.57580e+02 2.09722e+01 2.83526e+04 3.60202e+04 -1.04400e-01
9.58303e+02 2.08611e+01 2.91388e+04 3.71437e+04 -1.06000e-01
9.59027e+02 1.99722e+01 3.00683e+04 3.84468e+04 -1.07217e-01
9.59750e+02 2.18611e+01 3.09969e+04 3.95428e+04 -1.04260e-01
9.60474e+02 1.93056e+01 3.17441e+04 4.05070e+04 -1.04689e-01
9.61197e+02 1.75278e+01 3.20858e+04 4.11131e+04 -1.07144e-01
9.61920e+02 1.94167e+01 3.25711e+04 4.16952e+04 -1.09549e-01
9.62643e+02 1.88611e+01 3.32424e+04 4.23829e+04 -1.06418e-01
9.63366e+02 2.00833e+01 3.38569e+04 4.32375e+04 -1.05894e-01
9.64089e+02 2.16389e+01 3.44348e+04 4.41229e+04 -1.07060e-01
9.64812e+02 1.81944e+01 3.50363e+04 4.50829e+04 -1.08732e-01
9.65534e+02 2.06389e+01 3.58822e+04 4.61208e+04 -1.08871e-01
9.66257e+02 1.81944e+01 3.65816e+04 4.69428e+04 -1.07340e-01
9.66979e+02 2.00833e+01 3.72185e+04 4.73000e+04 -1.05051e-01
9.67702e+02 1.96389e+01 3.75425e+04 4.75351e+04 -1.01493e-01
9.68424e+02 2.15278e+01 3.77978e+04 4.77186e+04 -1.01305e-01
9.69146e+02 1.71944e+01 3.81301e+04 4.81216e+04 -1.00243e-01
9.69869e+02 2.10833e+01 3.85939e+04 4.84972e+04 -9.95472e-02
9.70591e+02 2.07500e+01 3.89716e+04 4.90170e+04 -9.95260e-02
9.71313e+02 1.76389e+01 3.93894e+04 4.97611e+04 -1.01735e-01
9.72034e+02 1.75278e+01 3.97013e+04 5.05530e+04 -1.03685e-01
9.72756e+02 1.95278e+01 3.98321e+04 5.08721e+04 -1.04862e-01
9.73478e+02 2.03056e+01 3.99967e+04 5.08800e+04 -1.03650e-01
9.74199e+02 2.06389e+01 4.02748e+04 5.09856e+04 -1.01972e-01
9.74921e+02 2.38611e+01 4.04037e+04 5.12247e+04 -1.03187e-01
9.75642e+02 1.81944e+01 4.06208e+04 5.12874e+04 -1.01454e-01
9.76364e+02 2.05278e+01 4.09255e+04 5.15168e+04 -1.00531e-01
9.77085e+02 1.73056e+01 4.11737e+04 5.18321e+04 -1.01198e-01
9.77806e+02 1.55278e+01 4.11452e+04 5.19468e+04 -1.01178e-01
9.78527e+02 1.89722e+01 4.11357e+04 5.17790e+04 -1.01026e-01
9.79248e+02 1.90833e+01 4.11218e+04 5.18279e+04 -1.00884e-01
9.79969e+02 1.80833e+01 4.12546e+04 5.19052e+04 -1.00769e-01
9.80689e+02 1.65278e+01 4.09993e+04 5.14458e+04 -9.83737e-02
9.81410e+02 1.77500e+01 4.07734e+04 5.10498e+04 -9.78622e-02
9.82131e+02 1.74167e+01 4.07432e+04 5.10837e+04 -9.83789e-02
9.82851e+02 1.69722e+01 4.07783e+04 5.10381e+04 -9.81022e-02
9.83571e+02 1.90833e+01 4.06265e+04 5.07906e+04 -9.66411e-02
9.84292e+02 1.55278e+01 4.04918e+04 5.04845e+04 -9.56764e-02
9.85012e+02 1.44167e+01 4.03777e+04 5.01576e+04 -9.52311e-02
9.85732e+02 1.46389e+01 3.99217e+04 4.96714e+04 -9.60217e-02
9.86452e+02 1.48611e+01 3.94331e+04 4.90235e+04 -9.57192e-02
9.87172e+02 1.29722e+01 3.89489e+04 4.84336e+04 -9.60189e-02
9.87892e+02 1.33056e+01 3.84776e+04 4.80702e+04 -9.57567e-02
9.88611e+02 1.18611e+01 3.81222e+04 4.76499e+04 -9.67380e-02
9.89331e+02 1.53056e+01 3.77751e+04 4.71430e+04 -9.62746e-02
9.90050e+02 1.31944e+01 3.72779e+04 4.66867e+04 -9.60633e-02
9.90770e+02 1.19722e+01 3.66209e+04 4.61524e+04 -9.99852e-02
9.91489e+02 -2.69444e+00 6.83333e+00 1.05833e+01 -5.69417e-02
9.92208e+02 -1.47222e+00 -7.22222e-01 1.38889e-01 
9.92928e+02 -2.58333e+00 -2.50000e+00 -1.41667e+00 -1.57943e-02
9.93647e+02 -1.58333e+00 -2.72222e+00 -3.41667e+00 -4.92916e-01
