Wavelength Dark Reference Sample Absorbance
1.97742e+02 1.72044e+03 1.71922e+03 9.30556e+00 1.60716e-01
1.98544e+02 1.70578e+03 1.70511e+03 -3.47222e+00 -4.85697e-01
1.99347e+02 1.70200e+03 1.70300e+03 -6.36111e+00 -4.82450e-01
2.00149e+02 1.70111e+03 1.70156e+03 -7.25000e+00 1.06455e-01
2.00951e+02 1.71156e+03 1.92389e+03 2.45417e+02 -5.73216e-02
2.01753e+02 1.71189e+03 1.92933e+03 2.51194e+02 -7.04027e-02
2.02554e+02 1.71733e+03 1.93922e+03 2.65306e+02 -5.30815e-02
2.03356e+02 1.71678e+03 1.94433e+03 2.67417e+02 -5.26139e-02
2.04158e+02 1.71856e+03 1.94678e+03 2.71528e+02 -5.49238e-02
2.04960e+02 1.71700e+03 1.94811e+03 2.70861e+02 -6.95772e-02
2.05761e+02 1.71833e+03 1.95522e+03 2.77750e+02 -4.31077e-02
2.06563e+02 1.72200e+03 1.96156e+03 2.85306e+02 -4.44280e-02
2.07364e+02 1.71722e+03 1.95844e+03 2.82639e+02 -4.37005e-02
2.08166e+02 1.71933e+03 1.96311e+03 2.88417e+02 -6.77072e-02
2.08967e+02 1.72056e+03 1.96189e+03 2.92972e+02 -5.43277e-02
2.09768e+02 1.72056e+03 1.96889e+03 2.99639e+02 -4.82358e-02
2.10569e+02 1.71878e+03 1.97033e+03 2.95972e+02 -5.78431e-02
2.11370e+02 1.72200e+03 1.97067e+03 2.95750e+02 -5.24377e-02
2.12172e+02 1.72333e+03 1.97622e+03 3.01750e+02 -6.01178e-02
2.12973e+02 1.72022e+03 1.97367e+03 2.97861e+02 -6.27481e-02
2.13773e+02 1.72167e+03 1.97456e+03 3.04083e+02 -4.46720e-02
2.14574e+02 1.72433e+03 1.97867e+03 3.09417e+02 -7.16362e-02
2.15375e+02 1.72200e+03 1.97878e+03 3.11528e+02 -6.09872e-02
2.16176e+02 1.72244e+03 1.97856e+03 3.06750e+02 -6.96120e-02
2.16977e+02 1.72200e+03 1.97944e+03 3.06861e+02 -5.83141e-02
2.17777e+02 1.72200e+03 1.98111e+03 3.09972e+02 -3.89638e-02
2.18578e+02 1.72322e+03 1.98056e+03 3.15639e+02 -6.48387e-02
2.19378e+02 1.72289e+03 1.98178e+03 3.11972e+02 -3.38771e-02
2.20179e+02 1.72533e+03 1.98933e+03 3.18972e+02 -6.31965e-02
2.20979e+02 1.72267e+03 1.97978e+03 3.12639e+02 -6.67514e-02
2.21779e+02 1.72456e+03 1.98022e+03 3.12194e+02 -6.19675e-02
2.22579e+02 1.72300e+03 1.97856e+03 3.09083e+02 -6.99149e-02
2.23380e+02 1.72067e+03 1.98022e+03 3.13750e+02 -5.75226e-02
2.24180e+02 1.72511e+03 1.98878e+03 3.14639e+02 -4.05635e-02
2.24980e+02 1.72356e+03 1.98844e+03 3.15861e+02 -4.94242e-02
2.25780e+02 1.72444e+03 1.98722e+03 3.11417e+02 -7.81027e-02
2.26579e+02 1.72556e+03 1.97722e+03 3.02306e+02 -7.57602e-02
2.27379e+02 1.72422e+03 1.97511e+03 2.91861e+02 -5.36266e-02
2.28179e+02 1.73422e+03 1.97944e+03 2.97083e+02 -3.62865e-02
2.28979e+02 1.72589e+03 1.96389e+03 2.79639e+02 -5.98829e-02
2.29778e+02 1.72244e+03 1.95856e+03 2.72861e+02 -3.53944e-02
2.30578e+02 1.72500e+03 1.94978e+03 2.64639e+02 -2.32228e-02
2.31377e+02 1.72533e+03 1.94911e+03 2.60750e+02 -3.96490e-02
2.32177e+02 1.72233e+03 1.93956e+03 2.51306e+02 -2.75460e-02
2.32976e+02 1.72289e+03 1.94344e+03 2.51972e+02 -1.91169e-02
2.33775e+02 1.72511e+03 1.94822e+03 2.54306e+02 -3.78498e-02
2.34575e+02 1.72222e+03 1.94756e+03 2.59194e+02 -4.86988e-02
2.35374e+02 1.72244e+03 1.95056e+03 2.62528e+02 -3.23356e-02
2.36173e+02 1.72667e+03 1.95800e+03 2.68639e+02 -1.93395e-02
2.36972e+02 1.72367e+03 1.96478e+03 2.75972e+02 -3.51532e-02
2.37771e+02 1.72500e+03 1.97533e+03 2.82528e+02 -1.25805e-02
2.38570e+02 1.72400e+03 1.98378e+03 2.87972e+02 -1.63998e-02
2.39368e+02 1.72378e+03 1.98967e+03 2.98417e+02 -2.77985e-02
2.40167e+02 1.72400e+03 2.00433e+03 3.07972e+02 -4.25301e-02
2.40966e+02 1.72567e+03 2.01156e+03 3.19083e+02 -2.70458e-02
2.41764e+02 1.72689e+03 2.01900e+03 3.27861e+02 -2.42832e-02
2.42563e+02 1.72233e+03 2.02344e+03 3.34417e+02 -2.02682e-02
2.43361e+02 1.72056e+03 2.02856e+03 3.38417e+02 -4.74521e-03
2.44160e+02 1.72378e+03 2.03478e+03 3.38972e+02 -2.24533e-02
2.44958e+02 1.72422e+03 2.03744e+03 3.39306e+02 -2.41075e-02
2.45756e+02 1.72289e+03 2.03756e+03 3.35972e+02 -2.08238e-02
2.46555e+02 1.72233e+03 2.03778e+03 3.32194e+02 -1.28893e-02
2.47353e+02 1.72389e+03 2.04267e+03 3.27306e+02 -7.60592e-03
2.48151e+02 1.72433e+03 2.03733e+03 3.22194e+02 1.21998e-02
2.48949e+02 1.71911e+03 2.03333e+03 3.12306e+02 1.77785e-02
2.49747e+02 1.72467e+03 2.03200e+03 3.07194e+02 2.40707e-02
2.50545e+02 1.72578e+03 2.03144e+03 3.02194e+02 5.02554e-02
2.51342e+02 1.72367e+03 2.03044e+03 2.95194e+02 4.11250e-02
2.52140e+02 1.72622e+03 2.02822e+03 2.91639e+02 4.71892e-02
2.52938e+02 1.72267e+03 2.02333e+03 2.77972e+02 5.56155e-02
2.53735e+02 1.72822e+03 2.02756e+03 2.72750e+02 7.09546e-02
2.54533e+02 1.72467e+03 2.01944e+03 2.61639e+02 9.68411e-02
2.55330e+02 1.72378e+03 2.01511e+03 2.52194e+02 9.17522e-02
2.56128e+02 1.72422e+03 2.01222e+03 2.37861e+02 1.23270e-01
2.56925e+02 1.72267e+03 2.00822e+03 2.23972e+02 1.45404e-01
2.57722e+02 1.72500e+03 2.00611e+03 2.16972e+02 1.63077e-01
2.58520e+02 1.72133e+03 2.01067e+03 2.11306e+02 1.59511e-01
2.59317e+02 1.72089e+03 2.01100e+03 2.07417e+02 1.86367e-01
2.60114e+02 1.72500e+03 2.01922e+03 2.10861e+02 1.91937e-01
2.60911e+02 1.72433e+03 2.02733e+03 2.06639e+02 2.10166e-01
2.61708e+02 1.72344e+03 2.03800e+03 2.11972e+02 1.91688e-01
2.62505e+02 1.72489e+03 2.05178e+03 2.12417e+02 2.10018e-01
2.63301e+02 1.72133e+03 2.05711e+03 2.15861e+02 2.05449e-01
2.64098e+02 1.72111e+03 2.06522e+03 2.20972e+02 2.26397e-01
2.64895e+02 1.72511e+03 2.08311e+03 2.28639e+02 2.15075e-01
2.65691e+02 1.71956e+03 2.09967e+03 2.31083e+02 2.36723e-01
2.66488e+02 1.72322e+03 2.11433e+03 2.39750e+02 2.34832e-01
2.67284e+02 1.72144e+03 2.12733e+03 2.45750e+02 2.39983e-01
2.68081e+02 1.72422e+03 2.14911e+03 2.54194e+02 2.56423e-01
2.68877e+02 1.72456e+03 2.16300e+03 2.62528e+02 2.60310e-01
2.69673e+02 1.72111e+03 2.17744e+03 2.70417e+02 2.57295e-01
2.70469e+02 1.72200e+03 2.19911e+03 2.78417e+02 2.52969e-01
2.71265e+02 1.72367e+03 2.22722e+03 2.83083e+02 2.70097e-01
2.72062e+02 1.72433e+03 2.24211e+03 2.95861e+02 2.77511e-01
2.72857e+02 1.72522e+03 2.26422e+03 3.12528e+02 2.78459e-01
2.73653e+02 1.72189e+03 2.28267e+03 3.15528e+02 2.69872e-01
2.74449e+02 1.72322e+03 2.31200e+03 3.27639e+02 2.75049e-01
2.75245e+02 1.72367e+03 2.32922e+03 3.36639e+02 2.72726e-01
2.76041e+02 1.72267e+03 2.34822e+03 3.42194e+02 2.82750e-01
2.76836e+02 1.72278e+03 2.38333e+03 3.57972e+02 2.96161e-01
2.77632e+02 1.72478e+03 2.43278e+03 3.85417e+02 2.88141e-01
2.78427e+02 1.72456e+03 2.57589e+03 4.38083e+02 3.00620e-01
2.79223e+02 1.72056e+03 2.98500e+03 5.81083e+02 3.57789e-01
2.80018e+02 1.72011e+03 3.81489e+03 8.82639e+02 3.75515e-01
2.80813e+02 1.72522e+03 4.90400e+03 1.27186e+03 4.02219e-01
2.81609e+02 1.72411e+03 5.88511e+03 1.63675e+03 4.09387e-01
2.82404e+02 1.72456e+03 6.56033e+03 1.87719e+03 4.20176e-01
2.83199e+02 1.71989e+03 7.28578e+03 2.11031e+03 4.25313e-01
2.83994e+02 1.72444e+03 8.69467e+03 2.66308e+03 4.20203e-01
2.84789e+02 1.72678e+03 1.04433e+04 3.32853e+03 4.20092e-01
2.85584e+02 1.72389e+03 1.17157e+04 3.83642e+03 4.15236e-01
2.86379e+02 1.72478e+03 1.24736e+04 4.17497e+03 4.13715e-01
2.87173e+02 1.72556e+03 1.29284e+04 4.38742e+03 4.08936e-01
2.87968e+02 1.72489e+03 1.31973e+04 4.59108e+03 3.99607e-01
2.88763e+02 1.72256e+03 1.33383e+04 4.73042e+03 3.92411e-01
2.89557e+02 1.72744e+03 1.34006e+04 4.85208e+03 3.82274e-01
2.90352e+02 1.72500e+03 1.34367e+04 5.01008e+03 3.69675e-01
2.91146e+02 1.72478e+03 1.35561e+04 5.12597e+03 3.66101e-01
2.91940e+02 1.72644e+03 1.36980e+04 5.31786e+03 3.54581e-01
2.92735e+02 1.72478e+03 1.38972e+04 5.49964e+03 3.48052e-01
2.93529e+02 1.72433e+03 1.40933e+04 5.73408e+03 3.33243e-01
2.94323e+02 1.72433e+03 1.42509e+04 5.92486e+03 3.27557e-01
2.95117e+02 1.72467e+03 1.43357e+04 6.05086e+03 3.21304e-01
2.95911e+02 1.72589e+03 1.43004e+04 6.14364e+03 3.11031e-01
2.96705e+02 1.72333e+03 1.41796e+04 6.16508e+03 3.09987e-01
2.97499e+02 1.72644e+03 1.39666e+04 6.16319e+03 3.00004e-01
2.98293e+02 1.72244e+03 1.36796e+04 6.06508e+03 2.96273e-01
2.99086e+02 1.72533e+03 1.32951e+04 5.96053e+03 2.88856e-01
2.99880e+02 1.72367e+03 1.28577e+04 5.80975e+03 2.85379e-01
3.00673e+02 1.72444e+03 1.23544e+04 5.61175e+03 2.82077e-01
3.01467e+02 1.72533e+03 1.18560e+04 5.39831e+03 2.74306e-01
3.02260e+02 1.72078e+03 1.13473e+04 5.21797e+03 2.66750e-01
3.03054e+02 1.72356e+03 1.09668e+04 5.03331e+03 2.66209e-01
3.03847e+02 1.72589e+03 1.07618e+04 4.97419e+03 2.63366e-01
3.04640e+02 1.72544e+03 1.08068e+04 5.06064e+03 2.55116e-01
3.05433e+02 1.72333e+03 1.11038e+04 5.29453e+03 2.52140e-01
3.06227e+02 1.73311e+03 1.15031e+04 5.62186e+03 2.42760e-01
3.07020e+02 1.72333e+03 1.18456e+04 5.84775e+03 2.37217e-01
3.07813e+02 1.72544e+03 1.19131e+04 5.95731e+03 2.37087e-01
3.08605e+02 1.72156e+03 1.16959e+04 5.88986e+03 2.30173e-01
3.09398e+02 1.72356e+03 1.11686e+04 5.62486e+03 2.25109e-01
3.10191e+02 1.72267e+03 1.05918e+04 5.33542e+03 2.20697e-01
3.10984e+02 1.72422e+03 1.04592e+04 5.29064e+03 2.15854e-01
3.11776e+02 1.72089e+03 1.09400e+04 5.62719e+03 2.15406e-01
3.12569e+02 1.72333e+03 1.16850e+04 6.15442e+03 2.10495e-01
3.13361e+02 1.72433e+03 1.22544e+04 6.55664e+03 2.05386e-01
3.14154e+02 1.72267e+03 1.25904e+04 6.78108e+03 2.02144e-01
3.14946e+02 1.72333e+03 1.26691e+04 6.91386e+03 2.00333e-01
3.15738e+02 1.72256e+03 1.26609e+04 6.92842e+03 1.98088e-01
3.16530e+02 1.72467e+03 1.25274e+04 6.88531e+03 1.94199e-01
3.17323e+02 1.72489e+03 1.22873e+04 6.80786e+03 1.91928e-01
3.18115e+02 1.72389e+03 1.20167e+04 6.67331e+03 1.87640e-01
3.18907e+02 1.72189e+03 1.17088e+04 6.55953e+03 1.83931e-01
3.19698e+02 1.72389e+03 1.14229e+04 6.39519e+03 1.80552e-01
3.20490e+02 1.72322e+03 1.11480e+04 6.25008e+03 1.80433e-01
3.21282e+02 1.72244e+03 1.09220e+04 6.13153e+03 1.73640e-01
3.22074e+02 1.72356e+03 1.07289e+04 6.05875e+03 1.73207e-01
3.22865e+02 1.72344e+03 1.05951e+04 6.01975e+03 1.69110e-01
3.23657e+02 1.72444e+03 1.06071e+04 6.04142e+03 1.69427e-01
3.24448e+02 1.72400e+03 1.06387e+04 6.07464e+03 1.62180e-01
3.25240e+02 1.72111e+03 1.06640e+04 6.15486e+03 1.61946e-01
3.26031e+02 1.72311e+03 1.07260e+04 6.23297e+03 1.62066e-01
3.26823e+02 1.72244e+03 1.07366e+04 6.26819e+03 1.59462e-01
3.27614e+02 1.72322e+03 1.07089e+04 6.26508e+03 1.57069e-01
3.28405e+02 1.72700e+03 1.06936e+04 6.26775e+03 1.56909e-01
3.29196e+02 1.72278e+03 1.07024e+04 6.28686e+03 1.55013e-01
3.29987e+02 1.72578e+03 1.07939e+04 6.37742e+03 1.54447e-01
3.30778e+02 1.72744e+03 1.09869e+04 6.54397e+03 1.49829e-01
3.31569e+02 1.72056e+03 1.12571e+04 6.75086e+03 1.52599e-01
3.32360e+02 1.72533e+03 1.14430e+04 6.92597e+03 1.45774e-01
3.33150e+02 1.72833e+03 1.15263e+04 7.04108e+03 1.46559e-01
3.33941e+02 1.72222e+03 1.15208e+04 7.06208e+03 1.41905e-01
3.34731e+02 1.72244e+03 1.14603e+04 7.04553e+03 1.43344e-01
3.35522e+02 1.72344e+03 1.14488e+04 7.10119e+03 1.36764e-01
3.36312e+02 1.72578e+03 1.14893e+04 7.17831e+03 1.33050e-01
3.37103e+02 1.72389e+03 1.16192e+04 7.34975e+03 1.28743e-01
3.37893e+02 1.72500e+03 1.17817e+04 7.47131e+03 1.30482e-01
3.38683e+02 1.72378e+03 1.18037e+04 7.54431e+03 1.25572e-01
3.39473e+02 1.72744e+03 1.17169e+04 7.55719e+03 1.24699e-01
3.40264e+02 1.72489e+03 1.16372e+04 7.52886e+03 1.18084e-01
3.41054e+02 1.72311e+03 1.14804e+04 7.46253e+03 1.15473e-01
3.41844e+02 1.72211e+03 1.13212e+04 7.36431e+03 1.15030e-01
3.42633e+02 1.72289e+03 1.10832e+04 7.18708e+03 1.16726e-01
3.43423e+02 1.72344e+03 1.08089e+04 7.03264e+03 1.13323e-01
3.44213e+02 1.72733e+03 1.05748e+04 6.89231e+03 1.06761e-01
3.45003e+02 1.72378e+03 1.03597e+04 6.74553e+03 1.05646e-01
3.45792e+02 1.72478e+03 1.01886e+04 6.64008e+03 1.04407e-01
3.46582e+02 1.72478e+03 1.00691e+04 6.56986e+03 1.06168e-01
3.47371e+02 1.72444e+03 9.99722e+03 6.54975e+03 1.02350e-01
3.48161e+02 1.72456e+03 9.94656e+03 6.55086e+03 9.84726e-02
3.48950e+02 1.72322e+03 9.90233e+03 6.53586e+03 9.60663e-02
3.49739e+02 1.72533e+03 9.83311e+03 6.49897e+03 9.77555e-02
3.50528e+02 1.72167e+03 9.74011e+03 6.48208e+03 9.18123e-02
3.51317e+02 1.72622e+03 9.61578e+03 6.40575e+03 9.29954e-02
3.52106e+02 1.72089e+03 9.48011e+03 6.28675e+03 9.35503e-02
3.52895e+02 1.72489e+03 9.30089e+03 6.17008e+03 9.15757e-02
3.53684e+02 1.72567e+03 9.11922e+03 6.01508e+03 9.19053e-02
3.54473e+02 1.72333e+03 9.00378e+03 5.95564e+03 8.60244e-02
3.55262e+02 1.72267e+03 8.92111e+03 5.91975e+03 8.52374e-02
3.56051e+02 1.72156e+03 8.93467e+03 5.94497e+03 8.39256e-02
3.56839e+02 1.72544e+03 9.04056e+03 6.03608e+03 8.54206e-02
3.57628e+02 1.72267e+03 9.12911e+03 6.15386e+03 8.25149e-02
3.58416e+02 1.72456e+03 9.18833e+03 6.23542e+03 8.06847e-02
3.59205e+02 1.72533e+03 9.22078e+03 6.26664e+03 7.59274e-02
3.59993e+02 1.72478e+03 9.15444e+03 6.20297e+03 7.51729e-02
3.60781e+02 1.72422e+03 8.99833e+03 6.08008e+03 7.87677e-02
3.61569e+02 1.72433e+03 8.83556e+03 5.98119e+03 7.73905e-02
3.62357e+02 1.72322e+03 8.79489e+03 5.92142e+03 8.07773e-02
3.63145e+02 1.72222e+03 8.82989e+03 5.99564e+03 7.51582e-02
3.63933e+02 1.72467e+03 8.96789e+03 6.15031e+03 6.97037e-02
3.64721e+02 1.72256e+03 9.13367e+03 6.32542e+03 6.74858e-02
3.65509e+02 1.72333e+03 9.30444e+03 6.50575e+03 6.64257e-02
3.66297e+02 1.72300e+03 9.41122e+03 6.62875e+03 6.49492e-02
3.67085e+02 1.72056e+03 9.44778e+03 6.68075e+03 6.53381e-02
3.67872e+02 1.72133e+03 9.37822e+03 6.64708e+03 6.15629e-02
3.68660e+02 1.72333e+03 9.16544e+03 6.48264e+03 6.00582e-02
3.69447e+02 1.72367e+03 8.98600e+03 6.32008e+03 6.10904e-02
3.70235e+02 1.72267e+03 8.77444e+03 6.14642e+03 5.97183e-02
3.71022e+02 1.72422e+03 8.65811e+03 6.10031e+03 5.47227e-02
3.71809e+02 1.72167e+03 8.68000e+03 6.12497e+03 5.69670e-02
3.72596e+02 1.72467e+03 8.76889e+03 6.21697e+03 5.29067e-02
3.73383e+02 1.72200e+03 8.87922e+03 6.35275e+03 5.05177e-02
3.74170e+02 1.72522e+03 9.02300e+03 6.48164e+03 4.99550e-02
3.74957e+02 1.72344e+03 9.12256e+03 6.58253e+03 4.72034e-02
3.75744e+02 1.71900e+03 9.09200e+03 6.50953e+03 5.43701e-02
3.76531e+02 1.71911e+03 8.89667e+03 6.36319e+03 5.35678e-02
3.77318e+02 1.72767e+03 8.89611e+03 6.30964e+03 5.84449e-02
3.78105e+02 1.72478e+03 9.12233e+03 6.51319e+03 5.54528e-02
3.78891e+02 1.72222e+03 9.60600e+03 6.87008e+03 6.23343e-02
3.79678e+02 1.72100e+03 1.00654e+04 7.25275e+03 6.03005e-02
3.80464e+02 1.72044e+03 1.02068e+04 7.29808e+03 6.73059e-02
3.81251e+02 1.72289e+03 1.03351e+04 7.35197e+03 7.11637e-02
3.82037e+02 1.72389e+03 1.03528e+04 7.30064e+03 7.30564e-02
3.82823e+02 1.72433e+03 1.04524e+04 7.33031e+03 7.52043e-02
3.83609e+02 1.72456e+03 1.03777e+04 7.18608e+03 8.60238e-02
3.84395e+02 1.72456e+03 1.02514e+04 7.03431e+03 8.37582e-02
3.85181e+02 1.72411e+03 1.00762e+04 6.85786e+03 8.68464e-02
3.85967e+02 1.72278e+03 9.91578e+03 6.68864e+03 8.72617e-02
3.86753e+02 1.72178e+03 9.87122e+03 6.60264e+03 8.91814e-02
3.87539e+02 1.72644e+03 9.91878e+03 6.62408e+03 9.55084e-02
3.88325e+02 1.72556e+03 9.97600e+03 6.67219e+03 9.28440e-02
3.89110e+02 1.72311e+03 9.93889e+03 6.62442e+03 9.47742e-02
3.89896e+02 1.72222e+03 9.68222e+03 6.45008e+03 9.15103e-02
3.90682e+02 1.72500e+03 9.72611e+03 6.51386e+03 8.97508e-02
3.91467e+02 1.72411e+03 9.92433e+03 6.71775e+03 8.31641e-02
3.92252e+02 1.72211e+03 1.02194e+04 7.00153e+03 8.51924e-02
3.93038e+02 1.72389e+03 1.05587e+04 7.31575e+03 8.33606e-02
3.93823e+02 1.72422e+03 1.04929e+04 7.35697e+03 7.40008e-02
3.94608e+02 1.72367e+03 1.04012e+04 7.36808e+03 7.29756e-02
3.95393e+02 1.72267e+03 1.06831e+04 7.68808e+03 6.61139e-02
3.96178e+02 1.72056e+03 1.09440e+04 7.99175e+03 6.16874e-02
3.96963e+02 1.72167e+03 1.14044e+04 8.51808e+03 5.70200e-02
3.97748e+02 1.72256e+03 1.20143e+04 9.14653e+03 4.88247e-02
3.98533e+02 1.72700e+03 1.24421e+04 9.61842e+03 4.47347e-02
3.99318e+02 1.72389e+03 1.22554e+04 9.55764e+03 4.13150e-02
4.00102e+02 1.72533e+03 1.16848e+04 9.10064e+03 3.81407e-02
4.00887e+02 1.72389e+03 1.13536e+04 8.88019e+03 3.46809e-02
4.01671e+02 1.72244e+03 1.12242e+04 8.81942e+03 2.99550e-02
4.02456e+02 1.72444e+03 1.09854e+04 8.67686e+03 2.74951e-02
4.03240e+02 1.72256e+03 1.08924e+04 8.64364e+03 2.51391e-02
4.04025e+02 1.72333e+03 1.08644e+04 8.68108e+03 2.31265e-02
4.04809e+02 1.72322e+03 1.08860e+04 8.73219e+03 2.16185e-02
4.05593e+02 1.72133e+03 1.07971e+04 8.75386e+03 1.95925e-02
4.06377e+02 1.72244e+03 1.03944e+04 8.36842e+03 1.53582e-02
4.07161e+02 1.72167e+03 9.82922e+03 7.86542e+03 1.46502e-02
4.07945e+02 1.72189e+03 9.69556e+03 7.76853e+03 8.66640e-03
4.08729e+02 1.72089e+03 9.83811e+03 7.93097e+03 7.98317e-03
4.09513e+02 1.72333e+03 9.81422e+03 7.97153e+03 7.32330e-03
4.10296e+02 1.72411e+03 9.63944e+03 7.82642e+03 6.76113e-03
4.11080e+02 1.71933e+03 9.44333e+03 7.63886e+03 4.98403e-03
4.11863e+02 1.72311e+03 9.48133e+03 7.71608e+03 4.80921e-03
4.12647e+02 1.72133e+03 9.75022e+03 8.02864e+03 3.52003e-03
4.13430e+02 1.72433e+03 1.01376e+04 8.39619e+03 2.87587e-03
4.14214e+02 1.72411e+03 1.02802e+04 8.58042e+03 -2.67239e-03
4.14997e+02 1.71989e+03 1.03100e+04 8.65053e+03 -7.37751e-04
4.15780e+02 1.72289e+03 1.04639e+04 8.79808e+03 -4.38341e-03
4.16563e+02 1.72333e+03 1.06017e+04 8.99086e+03 -5.25745e-03
4.17346e+02 1.72300e+03 1.07048e+04 9.10208e+03 -5.15450e-03
4.18129e+02 1.72589e+03 1.07868e+04 9.22597e+03 -8.82438e-03
4.18912e+02 1.72333e+03 1.09557e+04 9.45531e+03 -9.36746e-03
4.19695e+02 1.72567e+03 1.13158e+04 9.79464e+03 -9.00971e-03
4.20478e+02 1.72233e+03 1.18204e+04 1.03372e+04 -1.28670e-02
4.21261e+02 1.72322e+03 1.24698e+04 1.10476e+04 -1.24903e-02
4.22043e+02 1.72600e+03 1.28891e+04 1.15141e+04 -1.46434e-02
4.22826e+02 1.72456e+03 1.24127e+04 1.10432e+04 -1.35705e-02
4.23608e+02 1.72400e+03 1.18757e+04 1.05464e+04 -1.47465e-02
4.24391e+02 1.72289e+03 1.16433e+04 1.03030e+04 -1.52993e-02
4.25173e+02 1.72556e+03 1.15352e+04 1.02014e+04 -1.86746e-02
4.25955e+02 1.72256e+03 1.11549e+04 9.85719e+03 -1.66144e-02
4.26737e+02 1.72144e+03 1.08086e+04 9.46986e+03 -1.87737e-02
4.27520e+02 1.72256e+03 1.08529e+04 9.53419e+03 -2.19203e-02
4.28302e+02 1.72589e+03 1.09563e+04 9.70875e+03 -2.15864e-02
4.29084e+02 1.72389e+03 1.11319e+04 9.91297e+03 -2.32115e-02
4.29865e+02 1.72344e+03 1.14950e+04 1.03270e+04 -2.60951e-02
4.30647e+02 1.72367e+03 1.12082e+04 1.00515e+04 -2.28669e-02
4.31429e+02 1.72067e+03 9.92344e+03 8.70331e+03 -2.37628e-02
4.32211e+02 1.72556e+03 8.53700e+03 7.22142e+03 -2.30573e-02
4.32992e+02 1.72167e+03 7.79967e+03 6.43697e+03 -2.25593e-02
4.33774e+02 1.72478e+03 7.38467e+03 5.98031e+03 -2.36244e-02
4.34555e+02 1.72356e+03 6.79911e+03 5.37286e+03 -2.35053e-02
4.35337e+02 1.72889e+03 5.76544e+03 4.28097e+03 -2.17743e-02
4.36118e+02 1.72467e+03 5.14944e+03 3.60542e+03 -2.21676e-02
4.36899e+02 1.72544e+03 4.66300e+03 3.07164e+03 -1.50116e-02
4.37680e+02 1.72156e+03 4.20022e+03 2.59786e+03 -2.04864e-02
4.38461e+02 1.72144e+03 3.90356e+03 2.27375e+03 -1.72684e-02
4.39242e+02 1.72367e+03 3.73433e+03 2.11075e+03 -2.38077e-02
4.40023e+02 1.72078e+03 3.65600e+03 2.02764e+03 -2.53018e-02
4.40804e+02 1.72233e+03 3.71456e+03 2.11486e+03 -2.18450e-02
4.41585e+02 1.72089e+03 3.90156e+03 2.33186e+03 -2.98886e-02
4.42366e+02 1.72367e+03 4.02189e+03 2.46219e+03 -2.58273e-02
4.43146e+02 1.72433e+03 4.08778e+03 2.56186e+03 -2.45666e-02
4.43927e+02 1.72600e+03 4.17333e+03 2.63042e+03 -2.86025e-02
4.44707e+02 1.72544e+03 4.10089e+03 2.55831e+03 -3.16355e-02
4.45488e+02 1.72356e+03 3.98144e+03 2.41319e+03 -3.05094e-02
4.46268e+02 1.72422e+03 3.81656e+03 2.23819e+03 -2.66432e-02
4.47048e+02 1.72500e+03 3.70378e+03 2.09108e+03 -2.37065e-02
4.47828e+02 1.72211e+03 3.56800e+03 1.94519e+03 -1.77879e-02
4.48609e+02 1.72522e+03 3.48100e+03 1.85242e+03 -1.95048e-02
4.49389e+02 1.72078e+03 3.42511e+03 1.79819e+03 -2.46381e-02
4.50169e+02 1.72189e+03 3.37222e+03 1.74786e+03 -1.89333e-02
4.50948e+02 1.72178e+03 3.31811e+03 1.67642e+03 -2.04520e-02
4.51728e+02 1.72489e+03 3.27978e+03 1.63475e+03 -1.89010e-02
4.52508e+02 1.72378e+03 3.23789e+03 1.59453e+03 -1.56435e-02
4.53288e+02 1.72389e+03 3.20033e+03 1.55775e+03 -1.52009e-02
4.54067e+02 1.72278e+03 3.18411e+03 1.52531e+03 -1.95551e-02
4.54847e+02 1.72211e+03 3.17011e+03 1.51831e+03 -7.71647e-03
4.55626e+02 1.72500e+03 3.18356e+03 1.53508e+03 -1.90609e-02
4.56406e+02 1.72211e+03 3.20211e+03 1.55219e+03 -1.94290e-02
4.57185e+02 1.72433e+03 3.23544e+03 1.59042e+03 -2.11265e-02
4.57964e+02 1.72333e+03 3.27711e+03 1.63875e+03 -1.66315e-02
4.58743e+02 1.72456e+03 3.31267e+03 1.66831e+03 -1.45431e-02
4.59522e+02 1.72333e+03 3.32333e+03 1.69442e+03 -2.48819e-02
4.60301e+02 1.72700e+03 3.34144e+03 1.71464e+03 -2.93473e-02
4.61080e+02 1.72489e+03 3.31789e+03 1.68908e+03 -2.43979e-02
4.61859e+02 1.72367e+03 3.29033e+03 1.65053e+03 -1.86527e-02
4.62638e+02 1.71944e+03 3.23589e+03 1.60708e+03 -1.92706e-02
4.63417e+02 1.72156e+03 3.20444e+03 1.56764e+03 -1.50400e-02
4.64195e+02 1.72633e+03 3.17022e+03 1.53753e+03 -1.56065e-02
4.64974e+02 1.72400e+03 3.14311e+03 1.50319e+03 -1.58728e-02
4.65752e+02 1.72433e+03 3.12378e+03 1.49019e+03 -2.43225e-02
4.66531e+02 1.72489e+03 3.09589e+03 1.46086e+03 -1.90634e-02
4.67309e+02 1.72033e+03 3.06222e+03 1.42342e+03 -2.07031e-02
4.68087e+02 1.72289e+03 3.05644e+03 1.40442e+03 -2.72737e-02
4.68865e+02 1.72656e+03 3.03911e+03 1.40575e+03 -2.34008e-02
4.69644e+02 1.72289e+03 3.03033e+03 1.38608e+03 -2.17872e-02
4.70422e+02 1.72378e+03 3.02389e+03 1.38086e+03 -2.56392e-02
4.71200e+02 1.72333e+03 3.01200e+03 1.37364e+03 -1.51832e-02
4.71977e+02 1.72278e+03 3.01978e+03 1.37819e+03 -1.83306e-02
4.72755e+02 1.72322e+03 3.02667e+03 1.38308e+03 -1.76045e-02
4.73533e+02 1.72411e+03 3.02600e+03 1.39708e+03 -2.43455e-02
4.74311e+02 1.72622e+03 3.03278e+03 1.40764e+03 -2.83011e-02
4.75088e+02 1.72300e+03 3.05422e+03 1.42053e+03 -2.91156e-02
4.75866e+02 1.72433e+03 3.05944e+03 1.42753e+03 -2.46192e-02
4.76643e+02 1.72222e+03 3.07522e+03 1.44464e+03 -1.97941e-02
4.77420e+02 1.72567e+03 3.09956e+03 1.46019e+03 -2.57798e-02
4.78198e+02 1.72500e+03 3.11278e+03 1.48464e+03 -2.43114e-02
4.78975e+02 1.72378e+03 3.12833e+03 1.50686e+03 -2.58621e-02
4.79752e+02 1.72333e+03 3.13267e+03 1.51864e+03 -2.39686e-02
4.80529e+02 1.72456e+03 3.14656e+03 1.52753e+03 -2.82849e-02
4.81306e+02 1.72367e+03 3.16578e+03 1.54764e+03 -2.59364e-02
4.82083e+02 1.72433e+03 3.16956e+03 1.55442e+03 -2.68801e-02
4.82860e+02 1.72400e+03 3.17078e+03 1.55886e+03 -1.72622e-02
4.83637e+02 1.72567e+03 3.18200e+03 1.56742e+03 -2.32065e-02
4.84413e+02 1.72411e+03 3.19011e+03 1.58908e+03 -3.06649e-02
4.85190e+02 1.72400e+03 3.22256e+03 1.61864e+03 -3.28428e-02
4.85966e+02 1.72411e+03 3.24422e+03 1.64464e+03 -2.37681e-02
4.86743e+02 1.72133e+03 3.24789e+03 1.65075e+03 -3.46095e-02
4.87519e+02 1.72289e+03 3.20200e+03 1.60864e+03 -3.72926e-02
4.88295e+02 1.72400e+03 3.20444e+03 1.59364e+03 -2.81591e-02
4.89072e+02 1.72489e+03 3.19178e+03 1.59153e+03 -2.54688e-02
4.89848e+02 1.72200e+03 3.20422e+03 1.59075e+03 -3.34361e-02
4.90624e+02 1.72411e+03 3.20611e+03 1.59908e+03 -2.98954e-02
4.91400e+02 1.72189e+03 3.19167e+03 1.58464e+03 -2.62569e-02
4.92176e+02 1.72400e+03 3.19211e+03 1.57764e+03 -1.98547e-02
4.92952e+02 1.72622e+03 3.19556e+03 1.58264e+03 -2.42130e-02
4.93727e+02 1.72178e+03 3.18344e+03 1.57497e+03 -2.82160e-02
4.94503e+02 1.72767e+03 3.17878e+03 1.58186e+03 -3.65624e-02
4.95279e+02 1.72467e+03 3.16711e+03 1.56486e+03 -3.32319e-02
4.96054e+02 1.72133e+03 3.15533e+03 1.55575e+03 -2.94370e-02
4.96830e+02 1.72111e+03 3.15522e+03 1.55219e+03 -3.48673e-02
4.97605e+02 1.72122e+03 3.13611e+03 1.53475e+03 -3.25582e-02
4.98380e+02 1.72367e+03 3.12678e+03 1.53186e+03 -3.54897e-02
4.99156e+02 1.72400e+03 3.11933e+03 1.50719e+03 -2.74166e-02
4.99931e+02 1.72511e+03 3.11333e+03 1.51531e+03 -3.37708e-02
5.00706e+02 1.72456e+03 3.10000e+03 1.50942e+03 -2.93854e-02
5.01481e+02 1.72444e+03 3.08700e+03 1.49297e+03 -2.64798e-02
5.02256e+02 1.72389e+03 3.08056e+03 1.49575e+03 -3.35900e-02
5.03031e+02 1.72367e+03 3.08044e+03 1.47997e+03 -3.23189e-02
5.03805e+02 1.72489e+03 3.06844e+03 1.47097e+03 -3.36356e-02
5.04580e+02 1.72233e+03 3.05678e+03 1.46275e+03 -3.82324e-02
5.05355e+02 1.72244e+03 3.05956e+03 1.46519e+03 -4.00376e-02
5.06129e+02 1.72733e+03 3.06600e+03 1.47664e+03 -3.57037e-02
5.06904e+02 1.72089e+03 3.06833e+03 1.46919e+03 -3.55709e-02
5.07678e+02 1.72156e+03 3.06356e+03 1.47997e+03 -4.06997e-02
5.08452e+02 1.72456e+03 3.07244e+03 1.48475e+03 -3.38282e-02
5.09227e+02 1.72156e+03 3.08511e+03 1.50131e+03 -3.99025e-02
5.10001e+02 1.72367e+03 3.09544e+03 1.52997e+03 -4.00605e-02
5.10775e+02 1.72322e+03 3.12178e+03 1.53342e+03 -3.65570e-02
5.11549e+02 1.72533e+03 3.13444e+03 1.54631e+03 -3.67938e-02
5.12323e+02 1.72122e+03 3.14944e+03 1.58075e+03 -3.90815e-02
5.13097e+02 1.72489e+03 3.16833e+03 1.61286e+03 -4.45674e-02
5.13871e+02 1.72311e+03 3.19067e+03 1.63464e+03 -4.81978e-02
5.14644e+02 1.72644e+03 3.21767e+03 1.67231e+03 -4.72637e-02
5.15418e+02 1.72111e+03 3.23222e+03 1.69386e+03 -4.60015e-02
5.16192e+02 1.72589e+03 3.26078e+03 1.74253e+03 -5.32662e-02
5.16965e+02 1.72311e+03 3.28189e+03 1.78008e+03 -5.73969e-02
5.17738e+02 1.72600e+03 3.30478e+03 1.82464e+03 -5.60385e-02
5.18512e+02 1.72856e+03 3.35467e+03 1.87408e+03 -6.16248e-02
5.19285e+02 1.72500e+03 3.37589e+03 1.90664e+03 -6.18506e-02
5.20058e+02 1.72422e+03 3.40322e+03 1.95742e+03 -6.94894e-02
5.20831e+02 1.72544e+03 3.43656e+03 2.00919e+03 -6.02653e-02
5.21604e+02 1.72178e+03 3.46322e+03 2.03819e+03 -6.87277e-02
5.22377e+02 1.72311e+03 3.49800e+03 2.07753e+03 -6.06866e-02
5.23150e+02 1.72511e+03 3.52844e+03 2.14286e+03 -6.68971e-02
5.23923e+02 1.72367e+03 3.57378e+03 2.17708e+03 -7.11187e-02
5.24696e+02 1.72356e+03 3.60811e+03 2.22208e+03 -7.46608e-02
5.25468e+02 1.72300e+03 3.62944e+03 2.26197e+03 -7.24684e-02
5.26241e+02 1.72311e+03 3.66033e+03 2.29953e+03 -6.76315e-02
5.27013e+02 1.72933e+03 3.68667e+03 2.35564e+03 -7.23923e-02
5.27786e+02 1.72367e+03 3.72667e+03 2.39364e+03 -7.87223e-02
5.28558e+02 1.72478e+03 3.75311e+03 2.42986e+03 -7.75813e-02
5.29330e+02 1.72433e+03 3.78556e+03 2.46964e+03 -7.07776e-02
5.30102e+02 1.72800e+03 3.83056e+03 2.50508e+03 -7.47888e-02
5.30875e+02 1.72444e+03 3.85522e+03 2.53331e+03 -7.24089e-02
5.31647e+02 1.72578e+03 3.88144e+03 2.57508e+03 -6.74254e-02
5.32418e+02 1.72722e+03 3.91489e+03 2.61464e+03 -7.91961e-02
5.33190e+02 1.72289e+03 3.94522e+03 2.63586e+03 -7.35024e-02
5.33962e+02 1.72189e+03 3.96611e+03 2.68197e+03 -7.54534e-02
5.34734e+02 1.74067e+03 4.01211e+03 2.74086e+03 -7.59057e-02
5.35505e+02 1.72444e+03 4.01644e+03 2.75119e+03 -7.07053e-02
5.36277e+02 1.72122e+03 4.04956e+03 2.77564e+03 -7.78746e-02
5.37049e+02 1.72389e+03 4.06522e+03 2.80997e+03 -7.55619e-02
5.37820e+02 1.72756e+03 4.09400e+03 2.83775e+03 -7.27309e-02
5.38591e+02 1.72356e+03 4.12833e+03 2.85942e+03 -7.21651e-02
5.39363e+02 1.72778e+03 4.15256e+03 2.89042e+03 -7.64477e-02
5.40134e+02 1.72367e+03 4.15289e+03 2.91808e+03 -7.77681e-02
5.40905e+02 1.72544e+03 4.17867e+03 2.93597e+03 -7.08397e-02
5.41676e+02 1.72689e+03 4.20544e+03 2.98297e+03 -7.59476e-02
5.42447e+02 1.72800e+03 4.22478e+03 2.99431e+03 -7.91748e-02
5.43218e+02 1.72711e+03 4.24789e+03 3.00931e+03 -7.85647e-02
5.43988e+02 1.72789e+03 4.25611e+03 3.03731e+03 -7.59303e-02
5.44759e+02 1.72933e+03 4.26400e+03 3.05764e+03 -7.52612e-02
5.45530e+02 1.72867e+03 4.27144e+03 3.05531e+03 -7.57244e-02
5.46300e+02 1.72400e+03 4.28067e+03 3.06564e+03 -8.24802e-02
5.47071e+02 1.72456e+03 4.29622e+03 3.06986e+03 -7.73513e-02
5.47841e+02 1.72611e+03 4.28722e+03 3.08208e+03 -7.72482e-02
5.48611e+02 1.72556e+03 4.30144e+03 3.09408e+03 -7.80422e-02
5.49382e+02 1.72956e+03 4.32122e+03 3.09686e+03 -7.27962e-02
5.50152e+02 1.72800e+03 4.31533e+03 3.11953e+03 -7.58887e-02
5.50922e+02 1.72422e+03 4.31289e+03 3.12208e+03 -8.15002e-02
5.51692e+02 1.72311e+03 4.30711e+03 3.11897e+03 -7.92963e-02
5.52462e+02 1.72278e+03 4.31222e+03 3.12164e+03 -7.79359e-02
5.53232e+02 1.72644e+03 4.31589e+03 3.13375e+03 -8.32470e-02
5.54001e+02 1.72578e+03 4.31522e+03 3.12553e+03 -7.75886e-02
5.54771e+02 1.72356e+03 4.32900e+03 3.12175e+03 -7.65598e-02
5.55541e+02 1.72744e+03 4.33033e+03 3.12808e+03 -8.03751e-02
5.56310e+02 1.72333e+03 4.33844e+03 3.12931e+03 -7.45356e-02
5.57080e+02 1.72511e+03 4.33233e+03 3.14553e+03 -7.10306e-02
5.57849e+02 1.72689e+03 4.35378e+03 3.15453e+03 -7.60852e-02
5.58618e+02 1.72256e+03 4.34933e+03 3.15519e+03 -7.18062e-02
5.59388e+02 1.72533e+03 4.34933e+03 3.16975e+03 -8.48634e-02
5.60157e+02 1.72644e+03 4.36611e+03 3.17775e+03 -7.13983e-02
5.60926e+02 1.72389e+03 4.36100e+03 3.18153e+03 -7.77261e-02
5.61695e+02 1.72500e+03 4.39167e+03 3.19986e+03 -8.15212e-02
5.62464e+02 1.72167e+03 4.38300e+03 3.20575e+03 -7.75246e-02
5.63233e+02 1.72511e+03 4.39678e+03 3.21597e+03 -7.83435e-02
5.64001e+02 1.72756e+03 4.40600e+03 3.22875e+03 -7.96687e-02
5.64770e+02 1.72667e+03 4.41200e+03 3.25164e+03 -7.91126e-02
5.65539e+02 1.72689e+03 4.44733e+03 3.26775e+03 -7.71803e-02
5.66307e+02 1.72711e+03 4.45600e+03 3.26642e+03 -7.35624e-02
5.67076e+02 1.72900e+03 4.47122e+03 3.30186e+03 -8.01517e-02
5.67844e+02 1.72733e+03 4.47456e+03 3.33475e+03 -8.29475e-02
5.68612e+02 1.72689e+03 4.49033e+03 3.32908e+03 -7.80193e-02
5.69381e+02 1.72267e+03 4.50689e+03 3.34742e+03 -7.73938e-02
5.70149e+02 1.72578e+03 4.52833e+03 3.37786e+03 -8.19703e-02
5.70917e+02 1.72611e+03 4.55156e+03 3.39819e+03 -7.63410e-02
5.71685e+02 1.72967e+03 4.57467e+03 3.41875e+03 -7.78522e-02
5.72453e+02 1.72478e+03 4.57022e+03 3.41597e+03 -7.96695e-02
5.73220e+02 1.72411e+03 4.58744e+03 3.45386e+03 -7.58242e-02
5.73988e+02 1.72600e+03 4.58278e+03 3.47119e+03 -7.73542e-02
5.74756e+02 1.72667e+03 4.60289e+03 3.47653e+03 -8.01102e-02
5.75523e+02 1.72044e+03 4.59744e+03 3.46975e+03 -7.71272e-02
5.76291e+02 1.72578e+03 4.59833e+03 3.49042e+03 -8.13704e-02
5.77058e+02 1.72511e+03 4.61411e+03 3.49142e+03 -8.11682e-02
5.77826e+02 1.72167e+03 4.63089e+03 3.49553e+03 -7.36464e-02
5.78593e+02 1.72622e+03 4.63289e+03 3.51586e+03 -8.02394e-02
5.79360e+02 1.72644e+03 4.65011e+03 3.52142e+03 -7.73069e-02
5.80127e+02 1.72711e+03 4.65922e+03 3.53075e+03 -7.44085e-02
5.80894e+02 1.72689e+03 4.67600e+03 3.58697e+03 -8.50095e-02
5.81661e+02 1.72544e+03 4.69567e+03 3.57875e+03 -7.92056e-02
5.82428e+02 1.72411e+03 4.69422e+03 3.60775e+03 -8.43652e-02
5.83195e+02 1.72689e+03 4.71333e+03 3.60097e+03 -7.70073e-02
5.83962e+02 1.72722e+03 4.72456e+03 3.62008e+03 -8.19813e-02
5.84728e+02 1.72478e+03 4.74822e+03 3.63897e+03 -7.96879e-02
5.85495e+02 1.72356e+03 4.76667e+03 3.66808e+03 -7.47244e-02
5.86261e+02 1.72533e+03 4.77722e+03 3.69531e+03 -8.29909e-02
5.87028e+02 1.72567e+03 4.79600e+03 3.70986e+03 -7.91708e-02
5.87794e+02 1.72667e+03 4.81078e+03 3.71675e+03 -8.13019e-02
5.88560e+02 1.72478e+03 4.80922e+03 3.71897e+03 -8.25316e-02
5.89326e+02 1.72622e+03 4.83689e+03 3.74519e+03 -8.33517e-02
5.90092e+02 1.72533e+03 4.83811e+03 3.76864e+03 -8.07922e-02
5.90858e+02 1.72478e+03 4.87811e+03 3.81631e+03 -8.03227e-02
5.91624e+02 1.72889e+03 4.90311e+03 3.84697e+03 -8.03433e-02
5.92390e+02 1.72656e+03 4.91711e+03 3.87564e+03 -8.23295e-02
5.93156e+02 1.72600e+03 4.94367e+03 3.90097e+03 -8.37242e-02
5.93922e+02 1.72767e+03 4.98100e+03 3.93497e+03 -8.60171e-02
5.94687e+02 1.72489e+03 4.99800e+03 3.95986e+03 -8.17360e-02
5.95453e+02 1.73000e+03 5.02356e+03 3.98975e+03 -8.58030e-02
5.96218e+02 1.72633e+03 5.05544e+03 4.03053e+03 -7.70392e-02
5.96984e+02 1.72644e+03 5.09600e+03 4.08008e+03 -8.36407e-02
5.97749e+02 1.72733e+03 5.12411e+03 4.11697e+03 -8.19241e-02
5.98514e+02 1.72656e+03 5.16744e+03 4.17119e+03 -8.05489e-02
5.99279e+02 1.72689e+03 5.21767e+03 4.21131e+03 -7.88244e-02
6.00044e+02 1.72333e+03 5.24733e+03 4.26853e+03 -8.35922e-02
6.00809e+02 1.72378e+03 5.30144e+03 4.32919e+03 -8.26435e-02
6.01574e+02 1.72444e+03 5.34311e+03 4.37508e+03 -8.17760e-02
6.02339e+02 1.72678e+03 5.39333e+03 4.43475e+03 -7.78250e-02
6.03104e+02 1.72978e+03 5.45244e+03 4.49097e+03 -7.79985e-02
6.03868e+02 1.72411e+03 5.50100e+03 4.57419e+03 -8.06557e-02
6.04633e+02 1.72578e+03 5.53333e+03 4.62564e+03 -8.17412e-02
6.05397e+02 1.72411e+03 5.60856e+03 4.70553e+03 -8.10533e-02
6.06162e+02 1.72778e+03 5.66322e+03 4.76764e+03 -8.28828e-02
6.06926e+02 1.72756e+03 5.74011e+03 4.85242e+03 -7.99973e-02
6.07690e+02 1.73000e+03 5.80300e+03 4.92708e+03 -8.27853e-02
6.08455e+02 1.72856e+03 5.86267e+03 5.00853e+03 -8.08912e-02
6.09219e+02 1.72678e+03 5.93167e+03 5.08142e+03 -8.44403e-02
6.09983e+02 1.72922e+03 5.98556e+03 5.16508e+03 -8.47479e-02
6.10747e+02 1.73167e+03 6.05733e+03 5.23931e+03 -8.07296e-02
6.11511e+02 1.73233e+03 6.12256e+03 5.33697e+03 -8.41647e-02
6.12274e+02 1.73300e+03 6.18756e+03 5.38253e+03 -7.97310e-02
6.13038e+02 1.72567e+03 6.25656e+03 5.45453e+03 -7.83014e-02
6.13802e+02 1.72667e+03 6.32300e+03 5.56386e+03 -8.20359e-02
6.14565e+02 1.72856e+03 6.38122e+03 5.64897e+03 -8.41071e-02
6.15329e+02 1.72933e+03 6.44089e+03 5.71597e+03 -8.10955e-02
6.16092e+02 1.72700e+03 6.50478e+03 5.80608e+03 -8.72012e-02
6.16855e+02 1.72756e+03 6.59222e+03 5.86386e+03 -8.00372e-02
6.17618e+02 1.72622e+03 6.65911e+03 5.95197e+03 -8.36693e-02
6.18382e+02 1.73033e+03 6.70189e+03 6.04364e+03 -8.12548e-02
6.19145e+02 1.72833e+03 6.79011e+03 6.10197e+03 -8.06428e-02
6.19908e+02 1.72678e+03 6.82856e+03 6.18642e+03 -8.30476e-02
6.20671e+02 1.72611e+03 6.88589e+03 6.22397e+03 -8.13578e-02
6.21433e+02 1.72800e+03 6.96022e+03 6.30553e+03 -8.07734e-02
6.22196e+02 1.72789e+03 7.01289e+03 6.40231e+03 -8.58533e-02
6.22959e+02 1.73133e+03 7.04778e+03 6.47208e+03 -8.03228e-02
6.23721e+02 1.72578e+03 7.10144e+03 6.54364e+03 -8.32650e-02
6.24484e+02 1.72611e+03 7.17300e+03 6.60131e+03 -8.26226e-02
6.25246e+02 1.72978e+03 7.23100e+03 6.68419e+03 -8.05680e-02
6.26009e+02 1.72878e+03 7.28944e+03 6.74075e+03 -8.36386e-02
6.26771e+02 1.72833e+03 7.35078e+03 6.79653e+03 -8.40647e-02
6.27533e+02 1.72778e+03 7.42533e+03 6.85631e+03 -8.59527e-02
6.28295e+02 1.72756e+03 7.50067e+03 6.92875e+03 -7.76744e-02
6.29057e+02 1.72678e+03 7.54400e+03 6.98542e+03 -7.66721e-02
6.29819e+02 1.72856e+03 7.59400e+03 7.07431e+03 -8.17109e-02
6.30581e+02 1.72956e+03 7.64622e+03 7.15497e+03 -8.14423e-02
6.31343e+02 1.72478e+03 7.68778e+03 7.20008e+03 -8.27243e-02
6.32104e+02 1.73256e+03 7.72156e+03 7.29875e+03 -8.31161e-02
6.32866e+02 1.72811e+03 7.76756e+03 7.35342e+03 -8.01579e-02
6.33627e+02 1.72789e+03 7.84956e+03 7.41253e+03 -8.33359e-02
6.34389e+02 1.72700e+03 7.88833e+03 7.46953e+03 -8.30814e-02
6.35150e+02 1.73144e+03 7.93867e+03 7.51831e+03 -8.09780e-02
6.35911e+02 1.73122e+03 7.96900e+03 7.55519e+03 -8.40093e-02
6.36673e+02 1.72967e+03 8.00744e+03 7.60086e+03 -7.70941e-02
6.37434e+02 1.72656e+03 8.04389e+03 7.64653e+03 -8.15555e-02
6.38195e+02 1.72889e+03 8.07000e+03 7.68008e+03 -8.20099e-02
6.38956e+02 1.72400e+03 8.08578e+03 7.70231e+03 -8.38281e-02
6.39717e+02 1.73044e+03 8.12033e+03 7.73119e+03 -8.22732e-02
6.40477e+02 1.72733e+03 8.12200e+03 7.75475e+03 -7.87771e-02
6.41238e+02 1.72644e+03 8.17089e+03 7.78097e+03 -7.95857e-02
6.41999e+02 1.73167e+03 8.20467e+03 7.84153e+03 -8.33017e-02
6.42759e+02 1.72889e+03 8.21244e+03 7.83564e+03 -7.98091e-02
6.43520e+02 1.72789e+03 8.23489e+03 7.85642e+03 -8.20323e-02
6.44280e+02 1.72956e+03 8.25922e+03 7.85897e+03 -7.95374e-02
6.45041e+02 1.72478e+03 8.24911e+03 7.87219e+03 -8.03570e-02
6.45801e+02 1.72944e+03 8.25644e+03 7.88364e+03 -8.50859e-02
6.46561e+02 1.73089e+03 8.26556e+03 7.90053e+03 -8.23472e-02
6.47321e+02 1.72778e+03 8.27556e+03 7.91053e+03 -8.35626e-02
6.48081e+02 1.72711e+03 8.28122e+03 7.89997e+03 -7.87306e-02
6.48841e+02 1.72767e+03 8.28644e+03 7.92831e+03 -8.32393e-02
6.49601e+02 1.72556e+03 8.29567e+03 7.94008e+03 -8.10236e-02
6.50360e+02 1.72500e+03 8.29311e+03 7.96531e+03 -8.73088e-02
6.51120e+02 1.72711e+03 8.29867e+03 7.93919e+03 -8.44947e-02
6.51880e+02 1.72733e+03 8.31311e+03 7.95431e+03 -8.15479e-02
6.52639e+02 1.72489e+03 8.31433e+03 7.94564e+03 -7.96026e-02
6.53399e+02 1.72822e+03 8.32544e+03 7.96197e+03 -7.75883e-02
6.54158e+02 1.73233e+03 8.31978e+03 7.94697e+03 -8.17997e-02
6.54917e+02 1.72756e+03 8.31456e+03 7.98731e+03 -8.12007e-02
6.55676e+02 1.72656e+03 8.50633e+03 8.24453e+03 -8.44718e-02
6.56435e+02 1.72989e+03 8.57778e+03 8.29986e+03 -8.45934e-02
6.57194e+02 1.72867e+03 8.44878e+03 8.16808e+03 -8.40154e-02
6.57953e+02 1.73122e+03 8.36022e+03 8.02953e+03 -8.42977e-02
6.58712e+02 1.73089e+03 8.33989e+03 8.01775e+03 -8.46048e-02
6.59471e+02 1.73000e+03 8.35756e+03 8.01475e+03 -7.86167e-02
6.60230e+02 1.72311e+03 8.33833e+03 8.00442e+03 -8.26474e-02
6.60988e+02 1.72967e+03 8.35922e+03 8.04264e+03 -7.78671e-02
6.61747e+02 1.72711e+03 8.37467e+03 8.07775e+03 -8.54472e-02
6.62505e+02 1.72811e+03 8.39556e+03 8.08908e+03 -8.41664e-02
6.63264e+02 1.73033e+03 8.40378e+03 8.14108e+03 -8.80852e-02
6.64022e+02 1.72811e+03 8.40233e+03 8.12531e+03 -8.46534e-02
6.64780e+02 1.72600e+03 8.41911e+03 8.11931e+03 -8.20940e-02
6.65538e+02 1.72711e+03 8.45656e+03 8.14242e+03 -8.22004e-02
6.66296e+02 1.73022e+03 8.46067e+03 8.18564e+03 -8.14699e-02
6.67054e+02 1.72767e+03 8.48733e+03 8.23864e+03 -8.25600e-02
6.67812e+02 1.72767e+03 8.53789e+03 8.26186e+03 -8.18506e-02
6.68570e+02 1.72967e+03 8.60089e+03 8.31331e+03 -8.14051e-02
6.69327e+02 1.72733e+03 8.62889e+03 8.34308e+03 -7.94388e-02
6.70085e+02 1.72667e+03 8.68022e+03 8.36697e+03 -7.77905e-02
6.70843e+02 1.72678e+03 8.70356e+03 8.43808e+03 -7.98905e-02
6.71600e+02 1.73000e+03 8.72411e+03 8.50453e+03 -8.11192e-02
6.72357e+02 1.72567e+03 8.78933e+03 8.55219e+03 -8.42749e-02
6.73115e+02 1.72700e+03 8.81967e+03 8.61453e+03 -8.25275e-02
6.73872e+02 1.73133e+03 8.89244e+03 8.70731e+03 -8.49783e-02
6.74629e+02 1.72644e+03 8.93311e+03 8.79364e+03 -8.73214e-02
6.75386e+02 1.73078e+03 8.99033e+03 8.85308e+03 -8.56826e-02
6.76143e+02 1.72678e+03 9.05122e+03 8.91053e+03 -8.35607e-02
6.76900e+02 1.72644e+03 9.10167e+03 8.97286e+03 -8.52252e-02
6.77657e+02 1.72789e+03 9.17967e+03 9.06408e+03 -8.49001e-02
6.78413e+02 1.72700e+03 9.24056e+03 9.09875e+03 -8.25441e-02
6.79170e+02 1.72867e+03 9.31267e+03 9.17808e+03 -8.18154e-02
6.79927e+02 1.73011e+03 9.42711e+03 9.30553e+03 -7.65037e-02
6.80683e+02 1.72878e+03 9.49356e+03 9.38231e+03 -8.08333e-02
6.81439e+02 1.72456e+03 9.55156e+03 9.44253e+03 -8.12135e-02
6.82196e+02 1.72811e+03 9.62944e+03 9.54397e+03 -8.19540e-02
6.82952e+02 1.73156e+03 9.67544e+03 9.64742e+03 -8.38391e-02
6.83708e+02 1.72833e+03 9.73833e+03 9.72286e+03 -8.51867e-02
6.84464e+02 1.73011e+03 9.83367e+03 9.80942e+03 -8.22758e-02
6.85220e+02 1.72700e+03 9.88678e+03 9.87842e+03 -8.35143e-02
6.85976e+02 1.72333e+03 9.98156e+03 1.00125e+04 -8.38648e-02
6.86732e+02 1.72833e+03 1.00547e+04 1.00999e+04 -8.08007e-02
6.87488e+02 1.72767e+03 1.01659e+04 1.02494e+04 -8.50808e-02
6.88243e+02 1.72533e+03 1.02584e+04 1.03518e+04 -8.22185e-02
6.88999e+02 1.72778e+03 1.03214e+04 1.04333e+04 -8.39931e-02
6.89754e+02 1.72644e+03 1.04344e+04 1.05543e+04 -8.41352e-02
6.90510e+02 1.73133e+03 1.05340e+04 1.06452e+04 -8.36215e-02
6.91265e+02 1.72711e+03 1.06109e+04 1.07464e+04 -8.29248e-02
6.92020e+02 1.72800e+03 1.07113e+04 1.08795e+04 -8.38927e-02
6.92775e+02 1.72811e+03 1.08082e+04 1.09788e+04 -8.37158e-02
6.93530e+02 1.72622e+03 1.08752e+04 1.10642e+04 -8.53592e-02
6.94285e+02 1.72278e+03 1.09679e+04 1.11965e+04 -8.25166e-02
6.95040e+02 1.72600e+03 1.10629e+04 1.13329e+04 -8.31808e-02
6.95795e+02 1.72978e+03 1.11497e+04 1.14229e+04 -8.36025e-02
6.96550e+02 1.72622e+03 1.12577e+04 1.15135e+04 -8.00275e-02
6.97304e+02 1.72722e+03 1.13597e+04 1.15829e+04 -7.80451e-02
6.98059e+02 1.72633e+03 1.14054e+04 1.17045e+04 -7.81413e-02
6.98813e+02 1.72489e+03 1.14774e+04 1.17669e+04 -8.11200e-02
6.99568e+02 1.72589e+03 1.15089e+04 1.18571e+04 -8.25738e-02
7.00322e+02 1.72733e+03 1.16057e+04 1.20016e+04 -7.96560e-02
7.01076e+02 1.72544e+03 1.17001e+04 1.21009e+04 -8.27005e-02
7.01831e+02 1.72667e+03 1.17171e+04 1.21936e+04 -8.39199e-02
7.02585e+02 1.72467e+03 1.17919e+04 1.22843e+04 -8.33074e-02
7.03339e+02 1.72833e+03 1.18981e+04 1.23973e+04 -8.32267e-02
7.04092e+02 1.72733e+03 1.20048e+04 1.24386e+04 -8.24425e-02
7.04846e+02 1.73000e+03 1.20486e+04 1.24849e+04 -8.18845e-02
7.05600e+02 1.72711e+03 1.20634e+04 1.25598e+04 -8.44499e-02
7.06354e+02 1.72900e+03 1.21228e+04 1.26912e+04 -8.95309e-02
7.07107e+02 1.72689e+03 1.21871e+04 1.27149e+04 -8.28667e-02
7.07861e+02 1.72578e+03 1.22353e+04 1.27419e+04 -8.12236e-02
7.08614e+02 1.72567e+03 1.22617e+04 1.27618e+04 -8.43748e-02
7.09367e+02 1.72433e+03 1.23142e+04 1.28518e+04 -8.36089e-02
7.10121e+02 1.72589e+03 1.23722e+04 1.29579e+04 -8.27786e-02
7.10874e+02 1.72456e+03 1.24274e+04 1.29933e+04 -8.18862e-02
7.11627e+02 1.72878e+03 1.24564e+04 1.30058e+04 -8.10651e-02
7.12380e+02 1.72856e+03 1.24646e+04 1.30184e+04 -8.37448e-02
7.13133e+02 1.72311e+03 1.25803e+04 1.31183e+04 -8.61200e-02
7.13886e+02 1.72700e+03 1.25866e+04 1.31671e+04 -8.36744e-02
7.14638e+02 1.72511e+03 1.25859e+04 1.31372e+04 -8.23727e-02
7.15391e+02 1.72711e+03 1.25553e+04 1.30834e+04 -8.20651e-02
7.16143e+02 1.72467e+03 1.25369e+04 1.31246e+04 -8.42702e-02
7.16896e+02 1.72533e+03 1.25810e+04 1.31221e+04 -8.41784e-02
7.17648e+02 1.72433e+03 1.25660e+04 1.31261e+04 -8.39844e-02
7.18401e+02 1.72756e+03 1.24852e+04 1.30915e+04 -8.72762e-02
7.19153e+02 1.72667e+03 1.24363e+04 1.30638e+04 -8.78504e-02
7.19905e+02 1.72544e+03 1.23809e+04 1.30363e+04 -8.78034e-02
7.20657e+02 1.72311e+03 1.23810e+04 1.29422e+04 -8.56193e-02
7.21409e+02 1.72456e+03 1.23413e+04 1.28329e+04 -8.09442e-02
7.22161e+02 1.72222e+03 1.23124e+04 1.27775e+04 -7.89015e-02
7.22913e+02 1.72511e+03 1.23144e+04 1.28065e+04 -8.16802e-02
7.23664e+02 1.72489e+03 1.23383e+04 1.28454e+04 -8.36940e-02
7.24416e+02 1.72500e+03 1.23139e+04 1.27961e+04 -8.15795e-02
7.25168e+02 1.72844e+03 1.22912e+04 1.27664e+04 -8.21231e-02
7.25919e+02 1.72567e+03 1.23187e+04 1.28146e+04 -8.29260e-02
7.26670e+02 1.72556e+03 1.23409e+04 1.29276e+04 -8.62616e-02
7.27422e+02 1.72467e+03 1.23994e+04 1.29502e+04 -8.20060e-02
7.28173e+02 1.72689e+03 1.24047e+04 1.29464e+04 -7.90021e-02
7.28924e+02 1.72511e+03 1.24214e+04 1.29592e+04 -8.55389e-02
7.29675e+02 1.72522e+03 1.24477e+04 1.30484e+04 -8.61998e-02
7.30426e+02 1.72644e+03 1.24908e+04 1.30899e+04 -8.77824e-02
7.31177e+02 1.72389e+03 1.24807e+04 1.31201e+04 -8.59592e-02
7.31928e+02 1.72578e+03 1.24306e+04 1.30912e+04 -8.72983e-02
7.32679e+02 1.72233e+03 1.24779e+04 1.30601e+04 -8.47605e-02
7.33429e+02 1.72300e+03 1.25547e+04 1.31618e+04 -8.64977e-02
7.34180e+02 1.72211e+03 1.25894e+04 1.32220e+04 -8.38987e-02
7.34930e+02 1.72578e+03 1.26077e+04 1.32018e+04 -8.23022e-02
7.35681e+02 1.72656e+03 1.25726e+04 1.32035e+04 -8.51097e-02
7.36431e+02 1.72389e+03 1.25659e+04 1.31873e+04 -8.42076e-02
7.37181e+02 1.72589e+03 1.25586e+04 1.32388e+04 -8.64247e-02
7.37931e+02 1.72533e+03 1.25996e+04 1.32014e+04 -7.96649e-02
7.38681e+02 1.72456e+03 1.25667e+04 1.31975e+04 -8.35989e-02
7.39431e+02 1.72389e+03 1.25680e+04 1.31445e+04 -8.40586e-02
7.40181e+02 1.73456e+03 1.25573e+04 1.31549e+04 -8.74190e-02
7.40931e+02 1.72389e+03 1.25524e+04 1.32159e+04 -8.45506e-02
7.41680e+02 1.72356e+03 1.25909e+04 1.32262e+04 -8.21714e-02
7.42430e+02 1.72589e+03 1.26196e+04 1.31991e+04 -8.39699e-02
7.43180e+02 1.72456e+03 1.25662e+04 1.31338e+04 -8.26869e-02
7.43929e+02 1.72522e+03 1.25979e+04 1.31376e+04 -8.48188e-02
7.44678e+02 1.72322e+03 1.26206e+04 1.32183e+04 -8.20914e-02
7.45428e+02 1.72411e+03 1.26289e+04 1.32216e+04 -8.49595e-02
7.46177e+02 1.72311e+03 1.26173e+04 1.31872e+04 -8.54940e-02
7.46926e+02 1.72411e+03 1.26154e+04 1.32238e+04 -8.63839e-02
7.47675e+02 1.72589e+03 1.26929e+04 1.32770e+04 -8.23116e-02
7.48424e+02 1.72478e+03 1.27503e+04 1.33514e+04 -8.34851e-02
7.49173e+02 1.72156e+03 1.27652e+04 1.33340e+04 -7.96714e-02
7.49922e+02 1.72700e+03 1.27346e+04 1.33041e+04 -8.04101e-02
7.50670e+02 1.72856e+03 1.27797e+04 1.33235e+04 -8.29981e-02
7.51419e+02 1.72489e+03 1.28309e+04 1.33923e+04 -8.14587e-02
7.52167e+02 1.72356e+03 1.28939e+04 1.34762e+04 -8.37827e-02
7.52916e+02 1.72456e+03 1.28829e+04 1.35351e+04 -8.31560e-02
7.53664e+02 1.72222e+03 1.28803e+04 1.35575e+04 -8.37258e-02
7.54412e+02 1.72567e+03 1.28999e+04 1.35979e+04 -8.39503e-02
7.55161e+02 1.72389e+03 1.29662e+04 1.36833e+04 -8.51043e-02
7.55909e+02 1.72622e+03 1.30303e+04 1.37922e+04 -8.50294e-02
7.56657e+02 1.72744e+03 1.31164e+04 1.38595e+04 -8.38010e-02
7.57405e+02 1.72333e+03 1.31359e+04 1.38833e+04 -8.47035e-02
7.58152e+02 1.72422e+03 1.31591e+04 1.38469e+04 -8.26971e-02
7.58900e+02 1.72211e+03 1.32337e+04 1.38692e+04 -7.76616e-02
7.59648e+02 1.72756e+03 1.33286e+04 1.40015e+04 -8.30493e-02
7.60395e+02 1.72433e+03 1.33468e+04 1.41201e+04 -8.41862e-02
7.61143e+02 1.72600e+03 1.33637e+04 1.41942e+04 -8.50247e-02
7.61890e+02 1.72533e+03 1.33176e+04 1.42143e+04 -8.70214e-02
7.62638e+02 1.72633e+03 1.33813e+04 1.42124e+04 -8.59249e-02
7.63385e+02 1.72722e+03 1.35342e+04 1.42599e+04 -8.16252e-02
7.64132e+02 1.72300e+03 1.36321e+04 1.43545e+04 -8.04726e-02
7.64879e+02 1.72556e+03 1.35968e+04 1.44033e+04 -8.36335e-02
7.65626e+02 1.72456e+03 1.35858e+04 1.44030e+04 -8.33563e-02
7.66373e+02 1.72356e+03 1.36432e+04 1.44600e+04 -8.56831e-02
7.67120e+02 1.72189e+03 1.37783e+04 1.45868e+04 -8.12253e-02
7.67866e+02 1.72467e+03 1.38991e+04 1.47332e+04 -8.24473e-02
7.68613e+02 1.72256e+03 1.38869e+04 1.47964e+04 -8.63251e-02
7.69359e+02 1.72456e+03 1.38843e+04 1.48016e+04 -8.23330e-02
7.70106e+02 1.72533e+03 1.39012e+04 1.48039e+04 -8.43894e-02
7.70852e+02 1.72267e+03 1.39952e+04 1.48654e+04 -8.16937e-02
7.71599e+02 1.72400e+03 1.41168e+04 1.49898e+04 -8.11174e-02
7.72345e+02 1.72200e+03 1.41999e+04 1.51145e+04 -8.40047e-02
7.73091e+02 1.72222e+03 1.42037e+04 1.51410e+04 -8.28267e-02
7.73837e+02 1.72878e+03 1.41978e+04 1.52066e+04 -8.35240e-02
7.74583e+02 1.72711e+03 1.43076e+04 1.52896e+04 -8.50664e-02
7.75329e+02 1.72322e+03 1.44537e+04 1.54384e+04 -8.18901e-02
7.76075e+02 1.71989e+03 1.45682e+04 1.55470e+04 -8.38322e-02
7.76820e+02 1.72689e+03 1.45780e+04 1.56795e+04 -8.54002e-02
7.77566e+02 1.72422e+03 1.45959e+04 1.57421e+04 -8.95072e-02
7.78311e+02 1.72456e+03 1.46150e+04 1.57839e+04 -8.84352e-02
7.79057e+02 1.72567e+03 1.47567e+04 1.58995e+04 -8.68165e-02
7.79802e+02 1.72522e+03 1.49946e+04 1.60634e+04 -8.34585e-02
7.80547e+02 1.72400e+03 1.50967e+04 1.61752e+04 -8.13107e-02
7.81293e+02 1.72367e+03 1.51243e+04 1.61819e+04 -8.29675e-02
7.82038e+02 1.72411e+03 1.51042e+04 1.61699e+04 -8.30680e-02
7.82783e+02 1.72756e+03 1.51468e+04 1.62674e+04 -8.20522e-02
7.83528e+02 1.72633e+03 1.52520e+04 1.64491e+04 -8.27843e-02
7.84272e+02 1.72300e+03 1.53820e+04 1.66248e+04 -8.47397e-02
7.85017e+02 1.72467e+03 1.54712e+04 1.67618e+04 -8.61314e-02
7.85762e+02 1.72389e+03 1.55112e+04 1.68075e+04 -8.64957e-02
7.86506e+02 1.72500e+03 1.56220e+04 1.67911e+04 -8.15788e-02
7.87251e+02 1.72533e+03 1.57367e+04 1.69259e+04 -8.07333e-02
7.87995e+02 1.72511e+03 1.59177e+04 1.71594e+04 -8.28726e-02
7.88740e+02 1.72478e+03 1.60592e+04 1.73328e+04 -8.42423e-02
7.89484e+02 1.72189e+03 1.60560e+04 1.73882e+04 -8.54372e-02
7.90228e+02 1.72456e+03 1.60543e+04 1.74345e+04 -8.51464e-02
7.90972e+02 1.72500e+03 1.61918e+04 1.75379e+04 -8.27645e-02
7.91716e+02 1.72433e+03 1.64111e+04 1.77929e+04 -8.26133e-02
7.92460e+02 1.72433e+03 1.66171e+04 1.80274e+04 -8.29067e-02
7.93204e+02 1.72433e+03 1.67119e+04 1.81374e+04 -8.25176e-02
7.93947e+02 1.72622e+03 1.67281e+04 1.81749e+04 -8.09336e-02
7.94691e+02 1.72422e+03 1.68493e+04 1.82606e+04 -8.25911e-02
7.95434e+02 1.72422e+03 1.69397e+04 1.83829e+04 -8.36420e-02
7.96178e+02 1.72389e+03 1.70916e+04 1.86576e+04 -8.53782e-02
7.96921e+02 1.72222e+03 1.72848e+04 1.88921e+04 -8.23384e-02
7.97664e+02 1.72389e+03 1.74054e+04 1.89568e+04 -8.40558e-02
7.98408e+02 1.72300e+03 1.73974e+04 1.90033e+04 -8.38113e-02
7.99151e+02 1.72344e+03 1.74576e+04 1.89940e+04 -8.01486e-02
7.99894e+02 1.72500e+03 1.75501e+04 1.91810e+04 -8.33816e-02
8.00637e+02 1.72411e+03 1.77476e+04 1.94922e+04 -8.67345e-02
8.01380e+02 1.72400e+03 1.79389e+04 1.97400e+04 -8.34223e-02
8.02122e+02 1.72444e+03 1.80348e+04 1.97789e+04 -8.51281e-02
8.02865e+02 1.72633e+03 1.80388e+04 1.97325e+04 -8.36181e-02
8.03608e+02 1.72456e+03 1.80177e+04 1.97095e+04 -8.37258e-02
8.04350e+02 1.72333e+03 1.81956e+04 1.98942e+04 -8.49416e-02
8.05092e+02 1.72167e+03 1.84316e+04 2.00979e+04 -7.93221e-02
8.05835e+02 1.72622e+03 1.86268e+04 2.03824e+04 -8.13374e-02
8.06577e+02 1.72533e+03 1.86833e+04 2.06378e+04 -8.65097e-02
8.07319e+02 1.72556e+03 1.86854e+04 2.06343e+04 -8.48326e-02
8.08061e+02 1.72511e+03 1.88088e+04 2.05884e+04 -8.14178e-02
8.08803e+02 1.72378e+03 1.89571e+04 2.07884e+04 -8.10639e-02
8.09545e+02 1.72444e+03 1.92062e+04 2.10610e+04 -8.09395e-02
8.10287e+02 1.72711e+03 1.93538e+04 2.12375e+04 -8.17715e-02
8.11028e+02 1.72356e+03 1.93579e+04 2.13423e+04 -8.12750e-02
8.11770e+02 1.72511e+03 1.93160e+04 2.12969e+04 -8.31292e-02
8.12512e+02 1.72289e+03 1.92774e+04 2.11950e+04 -8.15382e-02
8.13253e+02 1.72500e+03 1.93772e+04 2.13581e+04 -7.91962e-02
8.13994e+02 1.72333e+03 1.96247e+04 2.15723e+04 -7.95956e-02
8.14736e+02 1.72411e+03 1.98961e+04 2.18519e+04 -7.89607e-02
8.15477e+02 1.72500e+03 2.00416e+04 2.20463e+04 -8.10417e-02
8.16218e+02 1.72433e+03 2.00249e+04 2.20328e+04 -8.19396e-02
8.16959e+02 1.72333e+03 1.99097e+04 2.20051e+04 -8.15364e-02
8.17700e+02 1.72367e+03 1.99391e+04 2.21196e+04 -8.19113e-02
8.18441e+02 1.72444e+03 2.01428e+04 2.24379e+04 -8.41157e-02
8.19181e+02 1.72533e+03 2.04510e+04 2.27651e+04 -8.40070e-02
8.19922e+02 1.72411e+03 2.05976e+04 2.29133e+04 -8.10054e-02
8.20663e+02 1.72644e+03 2.06230e+04 2.28571e+04 -8.31539e-02
8.21403e+02 1.72689e+03 2.04589e+04 2.27483e+04 -8.26261e-02
8.22144e+02 1.72667e+03 2.04992e+04 2.27328e+04 -8.33307e-02
8.22884e+02 1.72744e+03 2.07201e+04 2.29868e+04 -8.40537e-02
8.23624e+02 1.72389e+03 2.09716e+04 2.33394e+04 -8.53481e-02
8.24364e+02 1.72878e+03 2.11726e+04 2.36163e+04 -8.56744e-02
8.25104e+02 1.72400e+03 2.12680e+04 2.35906e+04 -8.29355e-02
8.25844e+02 1.72656e+03 2.11847e+04 2.34379e+04 -8.11309e-02
8.26584e+02 1.72678e+03 2.11968e+04 2.33953e+04 -7.73930e-02
8.27324e+02 1.72244e+03 2.14529e+04 2.36776e+04 -7.99322e-02
8.28064e+02 1.72211e+03 2.17348e+04 2.40516e+04 -8.08849e-02
8.28803e+02 1.72289e+03 2.19589e+04 2.42758e+04 -8.09323e-02
8.29543e+02 1.72633e+03 2.19624e+04 2.42289e+04 -7.83981e-02
8.30282e+02 1.72411e+03 2.18402e+04 2.41350e+04 -8.09537e-02
8.31021e+02 1.72478e+03 2.17738e+04 2.41155e+04 -7.88962e-02
8.31761e+02 1.72411e+03 2.20026e+04 2.43856e+04 -7.84101e-02
8.32500e+02 1.72322e+03 2.22842e+04 2.48224e+04 -8.11550e-02
8.33239e+02 1.72667e+03 2.25503e+04 2.52370e+04 -8.53384e-02
8.33978e+02 1.72300e+03 2.26276e+04 2.54282e+04 -8.60389e-02
8.34717e+02 1.72444e+03 2.25154e+04 2.53296e+04 -8.38366e-02
8.35456e+02 1.72722e+03 2.23723e+04 2.50876e+04 -8.41620e-02
8.36194e+02 1.72711e+03 2.24466e+04 2.49705e+04 -8.14737e-02
8.36933e+02 1.72622e+03 2.27047e+04 2.51291e+04 -7.91317e-02
8.37672e+02 1.72444e+03 2.30054e+04 2.55155e+04 -7.94262e-02
8.38410e+02 1.81054e+04 2.32753e+04 2.58964e+04 -2.71818e-01
8.39148e+02 1.72656e+03 2.32943e+04 2.60405e+04 -8.21852e-02
8.39887e+02 1.72678e+03 2.32124e+04 2.59251e+04 -8.06174e-02
8.40625e+02 1.72400e+03 2.30058e+04 2.57424e+04 -8.10195e-02
8.41363e+02 1.72589e+03 2.29692e+04 2.59045e+04 -8.46170e-02
8.42101e+02 1.72500e+03 2.32931e+04 2.62880e+04 -8.51675e-02
8.42839e+02 1.72544e+03 2.37026e+04 2.66085e+04 -8.31255e-02
8.43577e+02 1.72522e+03 2.39270e+04 2.68009e+04 -8.21278e-02
8.44315e+02 1.72378e+03 2.38871e+04 2.67910e+04 -8.05821e-02
8.45052e+02 1.72511e+03 2.37241e+04 2.65234e+04 -8.24648e-02
8.45790e+02 1.72822e+03 2.36400e+04 2.64746e+04 -8.27894e-02
8.46527e+02 1.72722e+03 2.38048e+04 2.66460e+04 -8.09336e-02
8.47265e+02 1.72500e+03 2.41490e+04 2.69661e+04 -8.04035e-02
8.48002e+02 1.72389e+03 2.44890e+04 2.72632e+04 -7.95902e-02
8.48739e+02 1.72433e+03 2.46529e+04 2.74254e+04 -7.71021e-02
8.49476e+02 1.72756e+03 2.45623e+04 2.74344e+04 -7.97276e-02
8.50213e+02 1.72456e+03 2.43700e+04 2.72813e+04 -8.21346e-02
8.50950e+02 1.72489e+03 2.43464e+04 2.71470e+04 -7.78711e-02
8.51687e+02 1.72467e+03 2.45907e+04 2.73739e+04 -7.85390e-02
8.52424e+02 1.72333e+03 2.50130e+04 2.77693e+04 -7.81584e-02
8.53161e+02 1.72344e+03 2.52781e+04 2.81545e+04 -7.71050e-02
8.53897e+02 1.72211e+03 2.54998e+04 2.83659e+04 -7.73728e-02
8.54634e+02 1.72633e+03 2.54427e+04 2.83992e+04 -7.81762e-02
8.55370e+02 1.72622e+03 2.52231e+04 2.81823e+04 -7.80501e-02
8.56106e+02 1.72656e+03 2.51260e+04 2.80640e+04 -7.94387e-02
8.56843e+02 1.72789e+03 2.52169e+04 2.82740e+04 -8.22325e-02
8.57579e+02 1.72489e+03 2.55378e+04 2.86486e+04 -8.10616e-02
8.58315e+02 1.72400e+03 2.57916e+04 2.89738e+04 -7.96074e-02
8.59051e+02 1.72600e+03 2.60989e+04 2.93268e+04 -8.20177e-02
8.59787e+02 1.72489e+03 2.60782e+04 2.93263e+04 -7.93881e-02
8.60523e+02 1.72678e+03 2.58093e+04 2.90229e+04 -8.03106e-02
8.61258e+02 1.72511e+03 2.56032e+04 2.89120e+04 -8.21288e-02
8.61994e+02 1.72733e+03 2.56976e+04 2.91864e+04 -8.56754e-02
8.62729e+02 1.72544e+03 2.60024e+04 2.95558e+04 -8.56989e-02
8.63465e+02 1.72189e+03 2.62980e+04 2.98382e+04 -8.62969e-02
8.64200e+02 1.72589e+03 2.64508e+04 2.99643e+04 -8.30763e-02
8.64936e+02 1.72144e+03 2.63413e+04 2.98065e+04 -8.29818e-02
8.65671e+02 1.72644e+03 2.61078e+04 2.94115e+04 -7.99766e-02
8.66406e+02 1.72233e+03 2.60140e+04 2.92565e+04 -8.04778e-02
8.67141e+02 1.72256e+03 2.61043e+04 2.94614e+04 -8.06742e-02
8.67876e+02 1.72289e+03 2.64042e+04 2.98512e+04 -8.28069e-02
8.68611e+02 1.72633e+03 2.67764e+04 3.02990e+04 -8.24728e-02
8.69345e+02 1.72700e+03 2.70204e+04 3.05682e+04 -7.98706e-02
8.70080e+02 1.72656e+03 2.69816e+04 3.05359e+04 -8.21843e-02
8.70814e+02 1.72389e+03 2.66587e+04 3.02352e+04 -8.40955e-02
8.71549e+02 1.72467e+03 2.64392e+04 2.97651e+04 -8.20920e-02
8.72283e+02 1.72522e+03 2.64658e+04 2.96592e+04 -7.76754e-02
8.73018e+02 1.72522e+03 2.67627e+04 2.99135e+04 -7.80493e-02
8.73752e+02 1.72578e+03 2.70128e+04 3.01984e+04 -7.67484e-02
8.74486e+02 1.72389e+03 2.72592e+04 3.05886e+04 -7.74446e-02
8.75220e+02 1.72367e+03 2.73163e+04 3.08328e+04 -8.12068e-02
8.75954e+02 1.72833e+03 2.70838e+04 3.07558e+04 -8.25915e-02
8.76688e+02 1.72700e+03 2.67876e+04 3.03762e+04 -8.26894e-02
8.77421e+02 1.72678e+03 2.67274e+04 3.01812e+04 -8.15296e-02
8.78155e+02 1.72400e+03 2.68590e+04 3.03893e+04 -8.32405e-02
8.78889e+02 1.72389e+03 2.71501e+04 3.07030e+04 -8.19671e-02
8.79622e+02 1.72744e+03 2.75560e+04 3.11669e+04 -8.08787e-02
8.80355e+02 1.72122e+03 2.79991e+04 3.15824e+04 -8.02207e-02
8.81089e+02 1.72289e+03 2.81656e+04 3.19900e+04 -8.30510e-02
8.81822e+02 1.72200e+03 2.80059e+04 3.19306e+04 -8.60826e-02
8.82555e+02 1.72122e+03 2.79879e+04 3.18828e+04 -8.23657e-02
8.83288e+02 1.72367e+03 2.82113e+04 3.21163e+04 -8.61143e-02
8.84021e+02 1.72356e+03 2.85974e+04 3.26926e+04 -8.46472e-02
8.84754e+02 1.72333e+03 2.90171e+04 3.32658e+04 -8.41941e-02
8.85487e+02 1.72356e+03 2.94840e+04 3.37988e+04 -8.68191e-02
8.86219e+02 1.72122e+03 2.98998e+04 3.40636e+04 -8.19080e-02
8.86952e+02 1.72756e+03 2.99442e+04 3.40869e+04 -8.22557e-02
8.87684e+02 1.72911e+03 2.97519e+04 3.39446e+04 -8.22814e-02
8.88417e+02 1.72522e+03 2.97507e+04 3.38144e+04 -8.10211e-02
8.89149e+02 1.72756e+03 2.99403e+04 3.39523e+04 -7.90604e-02
8.89881e+02 1.72589e+03 3.02778e+04 3.43596e+04 -8.18899e-02
8.90613e+02 1.72156e+03 3.06882e+04 3.48285e+04 -8.23915e-02
8.91345e+02 1.72267e+03 3.12046e+04 3.53750e+04 -7.92798e-02
8.92077e+02 1.72456e+03 3.16217e+04 3.57758e+04 -7.97525e-02
8.92809e+02 1.72489e+03 3.18173e+04 3.59811e+04 -7.94244e-02
8.93541e+02 1.72656e+03 3.17352e+04 3.58855e+04 -7.82351e-02
8.94273e+02 1.72522e+03 3.16659e+04 3.59145e+04 -8.05866e-02
8.95004e+02 1.72556e+03 3.17492e+04 3.60532e+04 -7.89216e-02
8.95736e+02 1.72100e+03 3.21392e+04 3.64023e+04 -7.88324e-02
8.96467e+02 1.72444e+03 3.25660e+04 3.70013e+04 -7.98341e-02
8.97199e+02 1.72600e+03 3.29350e+04 3.75350e+04 -7.86400e-02
8.97930e+02 1.72378e+03 3.29700e+04 3.76952e+04 -8.15024e-02
8.98661e+02 1.72667e+03 3.28851e+04 3.74379e+04 -7.99283e-02
8.99392e+02 1.72578e+03 3.28462e+04 3.73200e+04 -7.79933e-02
9.00123e+02 1.72533e+03 3.29421e+04 3.75015e+04 -7.94823e-02
9.00854e+02 1.72489e+03 3.31857e+04 3.78750e+04 -7.99209e-02
9.01584e+02 1.72244e+03 3.34946e+04 3.83068e+04 -8.13123e-02
9.02315e+02 1.72556e+03 3.39717e+04 3.90218e+04 -8.10290e-02
9.03046e+02 1.72589e+03 3.43830e+04 3.94812e+04 -8.25491e-02
9.03776e+02 1.72600e+03 3.46011e+04 3.95792e+04 -8.22667e-02
9.04507e+02 1.72300e+03 3.44856e+04 3.94488e+04 -8.05888e-02
9.05237e+02 1.72433e+03 3.43196e+04 3.94109e+04 -8.13730e-02
9.05967e+02 1.72622e+03 3.44666e+04 3.95275e+04 -8.27480e-02
9.06697e+02 1.72556e+03 3.48198e+04 3.97720e+04 -8.19940e-02
9.07427e+02 1.72678e+03 3.51323e+04 4.00438e+04 -7.82708e-02
9.08157e+02 1.72600e+03 3.55941e+04 4.07214e+04 -7.97756e-02
9.08887e+02 1.72456e+03 3.59940e+04 4.14481e+04 -8.49501e-02
9.09617e+02 1.72578e+03 3.63238e+04 4.18189e+04 -8.14195e-02
9.10347e+02 1.72456e+03 3.62571e+04 4.19152e+04 -8.29233e-02
9.11076e+02 1.72522e+03 3.60890e+04 4.17315e+04 -8.25421e-02
9.11806e+02 1.72400e+03 3.60968e+04 4.17426e+04 -8.46597e-02
9.12535e+02 1.72644e+03 3.62790e+04 4.19224e+04 -8.63024e-02
9.13264e+02 1.72567e+03 3.66244e+04 4.21445e+04 -8.34220e-02
9.13994e+02 1.72656e+03 3.69489e+04 4.25985e+04 -8.39567e-02
9.14723e+02 1.72811e+03 3.74334e+04 4.30091e+04 -8.05224e-02
9.15452e+02 1.72278e+03 3.78929e+04 4.33538e+04 -7.93777e-02
9.16181e+02 1.72500e+03 3.78862e+04 4.34210e+04 -7.98665e-02
9.16910e+02 1.72744e+03 3.78522e+04 4.31791e+04 -7.81675e-02
9.17638e+02 1.72511e+03 3.77870e+04 4.30781e+04 -7.93440e-02
9.18367e+02 1.72644e+03 3.78146e+04 4.31963e+04 -7.85155e-02
9.19096e+02 1.72556e+03 3.78283e+04 4.34250e+04 -7.98323e-02
9.19824e+02 1.72856e+03 3.78871e+04 4.36264e+04 -8.19715e-02
9.20553e+02 1.72544e+03 3.81960e+04 4.38631e+04 -8.18193e-02
9.21281e+02 1.72767e+03 3.85759e+04 4.42552e+04 -7.91954e-02
9.22009e+02 1.72689e+03 3.87888e+04 4.44573e+04 -7.71738e-02
9.22737e+02 1.72511e+03 3.88028e+04 4.42748e+04 -7.80541e-02
9.23465e+02 1.72378e+03 3.85351e+04 4.39716e+04 -7.87950e-02
9.24193e+02 1.72633e+03 3.83178e+04 4.38964e+04 -8.06690e-02
9.24921e+02 1.72589e+03 3.81727e+04 4.38025e+04 -7.92187e-02
9.25649e+02 1.72622e+03 3.81753e+04 4.38068e+04 -8.01027e-02
9.26377e+02 1.72422e+03 3.82784e+04 4.39133e+04 -7.72855e-02
9.27104e+02 1.72767e+03 3.85838e+04 4.40044e+04 -7.57808e-02
9.27832e+02 1.72578e+03 3.86799e+04 4.41984e+04 -7.58775e-02
9.28559e+02 1.72278e+03 3.83886e+04 4.39293e+04 -7.80724e-02
9.29286e+02 1.72667e+03 3.79049e+04 4.32692e+04 -7.57529e-02
9.30014e+02 1.72422e+03 3.74661e+04 4.26842e+04 -7.68248e-02
9.30741e+02 1.72667e+03 3.70197e+04 4.21678e+04 -7.77946e-02
9.31468e+02 1.72933e+03 3.66364e+04 4.17524e+04 -7.62528e-02
9.32195e+02 1.72644e+03 3.61688e+04 4.11321e+04 -7.59033e-02
9.32922e+02 1.72622e+03 3.56536e+04 4.04092e+04 -7.51406e-02
9.33648e+02 1.72833e+03 3.48816e+04 3.95518e+04 -7.52417e-02
9.34375e+02 1.72178e+03 3.36956e+04 3.82513e+04 -7.73966e-02
9.35102e+02 1.72389e+03 3.21170e+04 3.64062e+04 -7.78424e-02
9.35828e+02 1.72744e+03 3.02340e+04 3.43292e+04 -7.89743e-02
9.36554e+02 1.72333e+03 2.83428e+04 3.21320e+04 -8.09326e-02
9.37281e+02 1.72489e+03 2.64652e+04 2.98501e+04 -8.22663e-02
9.38007e+02 1.72544e+03 2.46849e+04 2.77920e+04 -8.34719e-02
9.38733e+02 1.72778e+03 2.32193e+04 2.59573e+04 -8.20525e-02
9.39459e+02 1.72367e+03 2.20529e+04 2.45386e+04 -7.90553e-02
9.40185e+02 1.72444e+03 2.11394e+04 2.34394e+04 -8.19389e-02
9.40911e+02 1.72244e+03 2.04558e+04 2.26026e+04 -7.92791e-02
9.41637e+02 1.72522e+03 1.98803e+04 2.19600e+04 -8.14159e-02
9.42362e+02 1.72489e+03 1.94864e+04 2.14346e+04 -7.93575e-02
9.43088e+02 1.72100e+03 1.93751e+04 2.12511e+04 -7.95318e-02
9.43813e+02 1.72622e+03 1.95102e+04 2.14699e+04 -8.33252e-02
9.44539e+02 1.72600e+03 1.98697e+04 2.19719e+04 -8.31026e-02
9.45264e+02 1.72444e+03 2.02986e+04 2.25713e+04 -8.48479e-02
9.45989e+02 1.72333e+03 2.09270e+04 2.33281e+04 -8.31669e-02
9.46714e+02 1.72656e+03 2.17107e+04 2.42151e+04 -8.23432e-02
9.47439e+02 1.72711e+03 2.26164e+04 2.52052e+04 -8.16171e-02
9.48164e+02 1.72478e+03 2.34344e+04 2.61489e+04 -8.16399e-02
9.48889e+02 1.72411e+03 2.43000e+04 2.71039e+04 -7.83116e-02
9.49614e+02 1.72833e+03 2.51996e+04 2.81939e+04 -7.74079e-02
9.50338e+02 1.72389e+03 2.62660e+04 2.94462e+04 -7.98465e-02
9.51063e+02 1.72567e+03 2.74229e+04 3.07620e+04 -7.83996e-02
9.51787e+02 1.72711e+03 2.86252e+04 3.22204e+04 -7.79620e-02
9.52512e+02 1.72322e+03 2.98479e+04 3.38742e+04 -8.16851e-02
9.53236e+02 1.72522e+03 3.11199e+04 3.54138e+04 -8.21730e-02
9.53960e+02 1.72567e+03 3.22614e+04 3.68976e+04 -8.14966e-02
9.54684e+02 1.72756e+03 3.33748e+04 3.81672e+04 -8.18632e-02
9.55408e+02 1.72567e+03 3.43388e+04 3.93703e+04 -8.24620e-02
9.56132e+02 1.72189e+03 3.53010e+04 4.04752e+04 -8.14935e-02
9.56856e+02 1.72422e+03 3.64443e+04 4.16570e+04 -8.11509e-02
9.57580e+02 1.72756e+03 3.74926e+04 4.27995e+04 -7.96198e-02
9.58303e+02 1.72633e+03 3.84513e+04 4.39606e+04 -7.75131e-02
9.59027e+02 1.72789e+03 3.95657e+04 4.52858e+04 -7.80315e-02
9.59750e+02 1.72489e+03 4.08380e+04 4.66476e+04 -7.74143e-02
9.60474e+02 1.72311e+03 4.18002e+04 4.77532e+04 -7.63343e-02
9.61197e+02 1.72244e+03 4.24308e+04 4.86293e+04 -7.58648e-02
9.61920e+02 1.72478e+03 4.30304e+04 4.94801e+04 -7.78674e-02
9.62643e+02 1.72422e+03 4.38509e+04 5.04625e+04 -7.83417e-02
9.63366e+02 1.72678e+03 4.45968e+04 5.13305e+04 -7.79032e-02
9.64089e+02 1.72444e+03 4.54396e+04 5.22903e+04 -7.74213e-02
9.64812e+02 1.72356e+03 4.62953e+04 5.32310e+04 -7.56716e-02
9.65534e+02 1.72689e+03 4.72637e+04 5.43364e+04 -7.60665e-02
9.66257e+02 1.72467e+03 4.80094e+04 5.52830e+04 -7.55862e-02
9.66979e+02 1.72567e+03 4.84953e+04 5.59921e+04 -7.84319e-02
9.67702e+02 1.72633e+03 4.88017e+04 5.63874e+04 -7.82244e-02
9.68424e+02 1.72644e+03 4.92572e+04 5.68232e+04 -7.63117e-02
9.69146e+02 1.72278e+03 4.97659e+04 5.73856e+04 -7.57707e-02
9.69869e+02 1.72700e+03 5.02694e+04 5.79648e+04 -7.76937e-02
9.70591e+02 1.72756e+03 5.07969e+04 5.84778e+04 -7.52306e-02
9.71313e+02 1.72300e+03 5.14172e+04 5.94098e+04 -7.73994e-02
9.72034e+02 1.72378e+03 5.18227e+04 6.02813e+04 -7.85271e-02
9.72756e+02 1.72322e+03 5.19572e+04 6.07114e+04 -8.12561e-02
9.73478e+02 1.72233e+03 5.20654e+04 6.09604e+04 -8.17333e-02
9.74199e+02 1.72500e+03 5.23196e+04 6.12885e+04 -8.49263e-02
9.74921e+02 1.72544e+03 5.24087e+04 6.15325e+04 -8.60839e-02
9.75642e+02 1.72444e+03 5.24739e+04 6.18459e+04 -8.62405e-02
9.76364e+02 1.72622e+03 5.29098e+04 6.21056e+04 -8.34811e-02
9.77085e+02 1.72156e+03 5.33924e+04 6.22072e+04 -8.14120e-02
9.77806e+02 1.72244e+03 5.35451e+04 6.20185e+04 -7.71908e-02
9.78527e+02 1.72222e+03 5.35084e+04 6.18969e+04 -7.75652e-02
9.79248e+02 1.72378e+03 5.35676e+04 6.22551e+04 -7.87860e-02
9.79969e+02 1.72300e+03 5.37056e+04 6.24473e+04 -7.99705e-02
9.80689e+02 1.72333e+03 5.33317e+04 6.20932e+04 -7.90263e-02
9.81410e+02 1.72244e+03 5.30548e+04 6.18109e+04 -8.02051e-02
9.82131e+02 1.72222e+03 5.31778e+04 6.19350e+04 -8.06399e-02
9.82851e+02 1.72200e+03 5.31096e+04 6.21783e+04 -8.30587e-02
9.83571e+02 1.72411e+03 5.26701e+04 6.17630e+04 -8.25551e-02
9.84292e+02 1.72144e+03 5.23266e+04 6.12601e+04 -8.24519e-02
9.85012e+02 1.71956e+03 5.20039e+04 6.08755e+04 -8.18767e-02
9.85732e+02 1.71889e+03 5.15192e+04 6.01849e+04 -8.34323e-02
9.86452e+02 1.72000e+03 5.10232e+04 5.95149e+04 -8.10326e-02
9.87172e+02 1.71944e+03 5.04481e+04 5.88054e+04 -8.14463e-02
9.87892e+02 1.71800e+03 5.00598e+04 5.82672e+04 -8.06812e-02
9.88611e+02 1.71822e+03 4.96620e+04 5.76932e+04 -7.95431e-02
9.89331e+02 1.72056e+03 4.90697e+04 5.70963e+04 -8.13714e-02
9.90050e+02 1.71744e+03 4.84296e+04 5.63853e+04 -8.05065e-02
9.90770e+02 1.71933e+03 4.77411e+04 5.53449e+04 -8.02335e-02
9.91489e+02 1.70356e+03 1.72033e+03 1.37500e+01 -2.20374e-01
9.92208e+02 1.70289e+03 1.70822e+03 9.72222e-01 -1.64944e-01
9.92928e+02 1.70367e+03 1.70733e+03 -2.69444e+00 9.61667e-01
9.93647e+02 1.70278e+03 1.70522e+03 -4.25000e+00 -2.02034e-02
